-30.6356	-24.1126	-22.7507	-22.173	-21.8943	-21.7409	-21.647	-21.5843	-21.5393	-21.505	-21.4774	-21.454	-21.4333	-21.4142	-21.396	-21.3782	-21.3602	-21.3419	-21.3228	-21.3027	-21.2814	-21.2587	-21.2343	-21.2078	-21.1791	-21.1478	-21.1136	-21.076	-21.0346	-20.9889	-20.9383	-20.8821	-20.8195	-20.7496	-20.6713	-20.5836	-20.4848	-20.3736	-20.248	-20.106	-19.9453	-19.7632	-19.5568	-19.3231	-19.0587	-18.7605	-18.4256	-18.0515	-17.6375	-17.1846	-16.6972	-16.1847	-15.6621	-15.1498	-14.6651	-14.1874	-13.5345	-12.0192	-10.8192	-11.0337	-6.53328	-7.39903	-7.80588	-8.09492	-8.36186	-8.62389	-8.87811	-9.11882	-9.34162	-9.54432	-9.72622	-9.88788	-10.0305	-10.1556	-10.2649	-10.3601	-10.4428	-10.5145	-10.5765	-10.6301	-10.6765	-10.7162	-10.7503	-10.7795	-10.8042	-10.8251	-10.8425	-10.8568	-10.8683	-10.8773	-10.884	-10.8884	-10.8911	-10.8917	-10.8906	-10.8878	-10.8834	-10.8774	-10.8699	-10.8609	-10.8505	-10.8388	-10.8255	-10.8108	-10.7948	-10.7773	-10.7586	-10.7384	-10.7169	-10.6938	-10.6693	-10.6425	-10.6131	-10.5803	-10.5436	-10.5031	-10.4624	-10.4196	
-24.1126	-30.6187	-24.0987	-22.7371	-22.1594	-21.8805	-21.7268	-21.6324	-21.5692	-21.5236	-21.4887	-21.4605	-21.4363	-21.4148	-21.3949	-21.3757	-21.3567	-21.3376	-21.3179	-21.2974	-21.2757	-21.2526	-21.2279	-21.2012	-21.1723	-21.1408	-21.1064	-21.0686	-21.027	-20.9812	-20.9304	-20.874	-20.8112	-20.7411	-20.6627	-20.5748	-20.4759	-20.3644	-20.2387	-20.0965	-19.9355	-19.7532	-19.5466	-19.3126	-19.0481	-18.7497	-18.4146	-18.0404	-17.6262	-17.1733	-16.686	-16.1735	-15.6512	-15.1392	-14.6552	-14.1784	-13.5268	-12.0132	-10.8157	-11.0339	-12.4872	-7.399	-7.80604	-8.0952	-8.36215	-8.62407	-8.87811	-9.11857	-9.34108	-9.54346	-9.72502	-9.88632	-10.0286	-10.1533	-10.2622	-10.3571	-10.4393	-10.5106	-10.5723	-10.6255	-10.6714	-10.7107	-10.7444	-10.7731	-10.7973	-10.8177	-10.8346	-10.8483	-10.8592	-10.8676	-10.8736	-10.8774	-10.8793	-10.8792	-10.8773	-10.8737	-10.8684	-10.8615	-10.853	-10.8431	-10.8316	-10.8189	-10.8045	-10.7887	-10.7716	-10.753	-10.733	-10.7117	-10.6888	-10.6642	-10.6376	-10.6083	-10.5756	-10.5389	-10.4984	-10.4578	-10.415	-10.4624	
-22.7507	-24.0987	-30.6008	-24.0839	-22.7228	-22.1449	-21.8658	-21.7117	-21.6168	-21.5531	-21.5069	-21.4714	-21.4424	-21.4174	-21.395	-21.3741	-21.3538	-21.3337	-21.3132	-21.292	-21.2699	-21.2464	-21.2213	-21.1944	-21.1652	-21.1335	-21.0988	-21.0609	-21.0191	-20.9731	-20.9221	-20.8655	-20.8026	-20.7323	-20.6537	-20.5656	-20.4665	-20.3548	-20.2289	-20.0864	-19.9253	-19.7427	-19.5359	-19.3017	-19.037	-18.7384	-18.4031	-18.0288	-17.6145	-17.1615	-16.6742	-16.1619	-15.6398	-15.1282	-14.6448	-14.1689	-13.5187	-12.0069	-10.812	-11.034	-12.4892	-14.164	-7.80614	-8.09542	-8.36236	-8.62417	-8.878	-9.1182	-9.3404	-9.54244	-9.72365	-9.88457	-10.0265	-10.1508	-10.2593	-10.3537	-10.4356	-10.5065	-10.5677	-10.6205	-10.6659	-10.7048	-10.738	-10.7662	-10.7899	-10.8098	-10.8261	-10.8392	-10.8495	-10.8572	-10.8625	-10.8655	-10.8667	-10.8658	-10.8631	-10.8585	-10.8523	-10.8445	-10.835	-10.824	-10.8115	-10.7977	-10.7822	-10.7653	-10.747	-10.7273	-10.7061	-10.6834	-10.6589	-10.6323	-10.6033	-10.5706	-10.534	-10.4935	-10.4529	-10.4101	-10.4578	-10.5031	
-22.173	-22.7371	-24.0839	-30.5817	-24.0682	-22.7075	-22.1296	-21.8501	-21.6956	-21.6003	-21.5359	-21.4891	-21.4528	-21.423	-21.3972	-21.3738	-21.3517	-21.3303	-21.3088	-21.2869	-21.2641	-21.2401	-21.2146	-21.1873	-21.1578	-21.1258	-21.091	-21.0528	-21.0108	-20.9646	-20.9134	-20.8567	-20.7935	-20.7231	-20.6443	-20.5559	-20.4566	-20.3448	-20.2186	-20.076	-19.9146	-19.7318	-19.5247	-19.2903	-19.0254	-18.7266	-18.3911	-18.0166	-17.6022	-17.1492	-16.6619	-16.1498	-15.6279	-15.1168	-14.634	-14.1591	-13.5102	-12.0003	-10.8081	-11.0342	-12.4911	-14.1669	-14.945	-8.09556	-8.36249	-8.62417	-8.87779	-9.1177	-9.33958	-9.54126	-9.72208	-9.88261	-10.0241	-10.148	-10.2561	-10.3501	-10.4315	-10.502	-10.5627	-10.615	-10.66	-10.6984	-10.7311	-10.7587	-10.7819	-10.8012	-10.8169	-10.8294	-10.839	-10.8461	-10.8506	-10.8529	-10.8532	-10.8515	-10.8478	-10.8424	-10.8352	-10.8263	-10.8159	-10.8038	-10.7902	-10.7753	-10.7587	-10.7406	-10.7211	-10.7002	-10.6776	-10.6533	-10.6268	-10.5977	-10.5653	-10.5287	-10.4883	-10.4477	-10.4049	-10.4529	-10.4984	-10.5436	
-21.8943	-22.1594	-22.7228	-24.0683	-30.5615	-24.0516	-22.6913	-22.1132	-21.8334	-21.6785	-21.5826	-21.5176	-21.47	-21.4329	-21.4022	-21.3754	-21.3509	-21.3277	-21.3049	-21.2819	-21.2584	-21.2338	-21.2078	-21.1801	-21.1502	-21.1179	-21.0828	-21.0444	-21.0022	-20.9557	-20.9044	-20.8474	-20.784	-20.7134	-20.6344	-20.5458	-20.4463	-20.3343	-20.2078	-20.065	-19.9034	-19.7203	-19.5131	-19.2784	-19.0132	-18.7142	-18.3785	-18.0039	-17.5894	-17.1363	-16.6491	-16.1371	-15.6154	-15.1048	-14.6227	-14.1488	-13.5013	-11.9934	-10.804	-11.0342	-12.4931	-14.1698	-14.9487	-15.5124	-8.36252	-8.62406	-8.87744	-9.11706	-9.33859	-9.53989	-9.72031	-9.88042	-10.0215	-10.1449	-10.2526	-10.3461	-10.4271	-10.4971	-10.5573	-10.6092	-10.6536	-10.6915	-10.7236	-10.7507	-10.7733	-10.792	-10.807	-10.8188	-10.8277	-10.8341	-10.8378	-10.8392	-10.8388	-10.8361	-10.8315	-10.8251	-10.8169	-10.807	-10.7954	-10.7823	-10.7676	-10.7515	-10.7338	-10.7145	-10.6938	-10.6714	-10.6473	-10.621	-10.592	-10.5595	-10.5231	-10.4827	-10.4422	-10.3994	-10.4477	-10.4935	-10.5389	-10.5803	
-21.7409	-21.8805	-22.1449	-22.7075	-24.0516	-30.5399	-24.0338	-22.6739	-22.0958	-21.8157	-21.6602	-21.5636	-21.4979	-21.4496	-21.4116	-21.3799	-21.352	-21.3263	-21.3018	-21.2775	-21.2529	-21.2275	-21.2009	-21.1727	-21.1424	-21.1098	-21.0743	-21.0356	-20.9932	-20.9465	-20.8949	-20.8377	-20.7741	-20.7032	-20.624	-20.5352	-20.4355	-20.3232	-20.1966	-20.0535	-19.8916	-19.7083	-19.5008	-19.2659	-19.0005	-18.7013	-18.3654	-17.9906	-17.576	-17.1228	-16.6357	-16.1238	-15.6025	-15.0923	-14.6109	-14.138	-13.492	-11.9861	-10.7997	-11.0342	-12.4951	-14.1726	-14.9523	-15.5166	-16.0546	-8.62383	-8.87696	-9.11626	-9.33742	-9.53832	-9.71831	-9.87797	-10.0186	-10.1416	-10.2487	-10.3418	-10.4223	-10.4917	-10.5515	-10.6028	-10.6467	-10.684	-10.7156	-10.742	-10.764	-10.782	-10.7964	-10.8075	-10.8156	-10.8212	-10.8241	-10.8246	-10.8232	-10.8196	-10.8141	-10.8066	-10.7974	-10.7864	-10.7738	-10.7595	-10.7436	-10.7264	-10.7075	-10.687	-10.6648	-10.6409	-10.6147	-10.5859	-10.5535	-10.517	-10.4769	-10.4363	-10.3936	-10.4422	-10.4883	-10.534	-10.5756	-10.6131	
-21.647	-21.7268	-21.8658	-22.1296	-22.6913	-24.0338	-30.5168	-24.0149	-22.6555	-22.0772	-21.7967	-21.6406	-21.5434	-21.4769	-21.4277	-21.3887	-21.356	-21.3269	-21.2998	-21.2738	-21.2479	-21.2215	-21.194	-21.1652	-21.1344	-21.1013	-21.0655	-21.0265	-20.9837	-20.9368	-20.8849	-20.8275	-20.7637	-20.6926	-20.6131	-20.5241	-20.4241	-20.3116	-20.1847	-20.0414	-19.8793	-19.6957	-19.488	-19.2528	-18.9872	-18.6877	-18.3517	-17.9767	-17.562	-17.1088	-16.6216	-16.1099	-15.5889	-15.0792	-14.5985	-14.1267	-13.4823	-11.9785	-10.7951	-11.034	-12.497	-14.1755	-14.956	-15.5208	-16.059	-16.5993	-8.87632	-9.11527	-9.33604	-9.53651	-9.71605	-9.87525	-10.0153	-10.1378	-10.2445	-10.3371	-10.417	-10.486	-10.5452	-10.5959	-10.6392	-10.6759	-10.7069	-10.7327	-10.754	-10.7713	-10.7849	-10.7953	-10.8026	-10.8073	-10.8094	-10.809	-10.8066	-10.802	-10.7954	-10.7869	-10.7766	-10.7645	-10.7507	-10.7353	-10.7183	-10.6999	-10.6797	-10.6578	-10.634	-10.6081	-10.5793	-10.5471	-10.5107	-10.4704	-10.4301	-10.3874	-10.4363	-10.4827	-10.5287	-10.5706	-10.6083	-10.6425	
-21.5843	-21.6324	-21.7117	-21.8501	-22.1132	-22.6739	-24.0149	-30.4922	-23.9946	-22.6357	-22.0573	-21.7763	-21.6196	-21.5217	-21.4544	-21.4042	-21.3641	-21.3301	-21.2997	-21.2712	-21.2435	-21.2158	-21.1873	-21.1577	-21.1262	-21.0926	-21.0564	-21.0169	-20.9739	-20.9266	-20.8745	-20.8168	-20.7527	-20.6814	-20.6017	-20.5124	-20.4122	-20.2994	-20.1723	-20.0287	-19.8663	-19.6825	-19.4745	-19.2391	-18.9732	-18.6735	-18.3372	-17.9621	-17.5473	-17.094	-16.6069	-16.0953	-15.5746	-15.0654	-14.5856	-14.1149	-13.472	-11.9705	-10.7903	-11.0338	-12.4988	-14.1783	-14.9597	-15.525	-16.0633	-16.6036	-17.1347	-9.11409	-9.33444	-9.53446	-9.71352	-9.87221	-10.0118	-10.1338	-10.2399	-10.3319	-10.4113	-10.4797	-10.5383	-10.5884	-10.6312	-10.6672	-10.6975	-10.7226	-10.7432	-10.7598	-10.7726	-10.7821	-10.7886	-10.7924	-10.7935	-10.7922	-10.7888	-10.7832	-10.7755	-10.7659	-10.7545	-10.7413	-10.7263	-10.7097	-10.6915	-10.6718	-10.6502	-10.6267	-10.6009	-10.5724	-10.5403	-10.504	-10.4638	-10.4233	-10.3808	-10.4301	-10.4769	-10.5231	-10.5653	-10.6033	-10.6376	-10.6693	
-21.5393	-21.5692	-21.6168	-21.6956	-21.8334	-22.0958	-22.6555	-23.9946	-30.4663	-23.973	-22.6146	-22.0361	-21.7546	-21.5972	-21.4984	-21.4301	-21.3789	-21.3376	-21.3023	-21.2704	-21.2403	-21.2107	-21.1809	-21.1502	-21.118	-21.0837	-21.0469	-21.0071	-20.9636	-20.916	-20.8635	-20.8056	-20.7412	-20.6696	-20.5896	-20.5001	-20.3996	-20.2866	-20.1592	-20.0153	-19.8527	-19.6686	-19.4603	-19.2247	-18.9585	-18.6586	-18.3221	-17.9468	-17.5318	-17.0785	-16.5915	-16.0801	-15.5597	-15.051	-14.5719	-14.1024	-13.4613	-11.9621	-10.7851	-11.0335	-12.5007	-14.1811	-14.9634	-15.5292	-16.0677	-16.6078	-17.1385	-17.6444	-9.33256	-9.53208	-9.71063	-9.86879	-10.0078	-10.1292	-10.2348	-10.3262	-10.405	-10.4728	-10.5308	-10.5803	-10.6223	-10.6577	-10.6873	-10.7117	-10.7315	-10.7473	-10.7593	-10.7679	-10.7735	-10.7763	-10.7765	-10.7741	-10.7697	-10.763	-10.7542	-10.7435	-10.7309	-10.7165	-10.7004	-10.6826	-10.6631	-10.6419	-10.6187	-10.5931	-10.5648	-10.5328	-10.4966	-10.4565	-10.4161	-10.3734	-10.4233	-10.4704	-10.517	-10.5595	-10.5977	-10.6323	-10.6642	-10.6938	
-21.505	-21.5236	-21.5531	-21.6003	-21.6785	-21.8157	-22.0772	-22.6357	-23.973	-30.4381	-23.9499	-22.5921	-22.0133	-21.7312	-21.5731	-21.4734	-21.404	-21.3516	-21.309	-21.2722	-21.2387	-21.2067	-21.1751	-21.143	-21.1098	-21.0747	-21.0372	-20.9968	-20.9529	-20.9049	-20.8521	-20.7938	-20.7291	-20.6572	-20.577	-20.4872	-20.3864	-20.2731	-20.1454	-20.0012	-19.8383	-19.654	-19.4454	-19.2095	-18.943	-18.6429	-18.3061	-17.9307	-17.5156	-17.0622	-16.5752	-16.064	-15.544	-15.0359	-14.5577	-14.0893	-13.45	-11.9532	-10.7797	-11.033	-12.5024	-14.1838	-14.967	-15.5333	-16.072	-16.6119	-17.1423	-17.6477	-18.1167	-9.52944	-9.70744	-9.86503	-10.0035	-10.1243	-10.2293	-10.3201	-10.3982	-10.4653	-10.5227	-10.5715	-10.6129	-10.6475	-10.6763	-10.6999	-10.7189	-10.7339	-10.745	-10.7527	-10.7573	-10.7592	-10.7583	-10.7549	-10.7494	-10.7415	-10.7316	-10.7197	-10.706	-10.6904	-10.673	-10.6539	-10.633	-10.6102	-10.5849	-10.5568	-10.525	-10.4889	-10.4489	-10.4086	-10.366	-10.4161	-10.4638	-10.5107	-10.5535	-10.592	-10.6268	-10.6589	-10.6888	-10.7169	
-21.4774	-21.4887	-21.5069	-21.5359	-21.5826	-21.6602	-21.7967	-22.0573	-22.6146	-23.9499	-30.408	-23.9251	-22.5678	-21.9888	-21.7061	-21.5471	-21.4464	-21.3759	-21.3222	-21.2781	-21.2397	-21.2043	-21.1703	-21.1364	-21.1018	-21.0657	-21.0274	-20.9863	-20.9418	-20.8933	-20.8401	-20.7814	-20.7164	-20.6442	-20.5636	-20.4735	-20.3725	-20.2588	-20.1309	-19.9864	-19.8232	-19.6385	-19.4297	-19.1934	-18.9267	-18.6263	-18.2894	-17.9137	-17.4985	-17.0451	-16.5582	-16.0472	-15.5275	-15.02	-14.5426	-14.0756	-13.438	-11.9438	-10.7739	-11.0324	-12.5041	-14.1865	-14.9705	-15.5374	-16.0762	-16.616	-17.146	-17.6508	-18.1191	-18.5449	-9.70387	-9.86086	-9.99869	-10.1189	-10.2232	-10.3133	-10.3908	-10.4573	-10.5139	-10.562	-10.6026	-10.6365	-10.6645	-10.6873	-10.7054	-10.7194	-10.7296	-10.7363	-10.74	-10.7408	-10.7388	-10.7343	-10.7276	-10.7186	-10.7076	-10.6945	-10.6795	-10.6627	-10.6441	-10.6235	-10.6009	-10.5761	-10.5482	-10.5166	-10.4807	-10.4408	-10.4005	-10.358	-10.4086	-10.4565	-10.504	-10.5471	-10.5859	-10.621	-10.6533	-10.6834	-10.7117	-10.7384	
-21.454	-21.4604	-21.4714	-21.4891	-21.5176	-21.5636	-21.6406	-21.7763	-22.0361	-22.592	-23.9251	-30.3756	-23.8985	-22.5418	-21.9625	-21.6791	-21.5192	-21.4174	-21.3456	-21.2904	-21.2447	-21.2044	-21.167	-21.1307	-21.0942	-21.0567	-21.0174	-20.9755	-20.9303	-20.8812	-20.8275	-20.7684	-20.703	-20.6305	-20.5496	-20.4591	-20.3577	-20.2438	-20.1155	-19.9707	-19.8072	-19.6222	-19.4131	-19.1766	-18.9096	-18.6089	-18.2717	-17.8959	-17.4806	-17.0271	-16.5402	-16.0294	-15.5101	-15.0032	-14.5268	-14.0611	-13.4254	-11.9338	-10.7677	-11.0316	-12.5057	-14.189	-14.974	-15.5414	-16.0803	-16.62	-17.1495	-17.6537	-18.1213	-18.5463	-18.9265	-9.85624	-9.99341	-10.1129	-10.2166	-10.306	-10.3828	-10.4485	-10.5044	-10.5517	-10.5915	-10.6245	-10.6517	-10.6736	-10.6908	-10.7038	-10.713	-10.7188	-10.7213	-10.721	-10.718	-10.7123	-10.7045	-10.6943	-10.682	-10.6678	-10.6516	-10.6334	-10.6133	-10.5911	-10.5665	-10.539	-10.5076	-10.4719	-10.432	-10.3919	-10.3494	-10.4005	-10.4489	-10.4966	-10.5403	-10.5793	-10.6147	-10.6473	-10.6776	-10.7061	-10.733	-10.7586	
-21.4333	-21.4363	-21.4424	-21.4528	-21.47	-21.4979	-21.5434	-21.6196	-21.7546	-22.0133	-22.5678	-23.8985	-30.3408	-23.8699	-22.5138	-21.9342	-21.65	-21.4891	-21.386	-21.3128	-21.256	-21.2084	-21.1661	-21.1264	-21.0875	-21.0482	-21.0075	-20.9645	-20.9185	-20.8687	-20.8144	-20.7548	-20.689	-20.616	-20.5347	-20.4439	-20.3422	-20.2279	-20.0993	-19.9542	-19.7903	-19.605	-19.3955	-19.1587	-18.8914	-18.5905	-18.2531	-17.877	-17.4616	-17.0081	-16.5213	-16.0107	-15.4918	-14.9856	-14.5101	-14.0458	-13.4121	-11.9233	-10.7611	-11.0306	-12.5071	-14.1915	-14.9774	-15.5453	-16.0844	-16.6238	-17.1529	-17.6565	-18.1233	-18.5474	-18.9267	-19.262	-9.98757	-10.1064	-10.2093	-10.2979	-10.374	-10.4389	-10.494	-10.5404	-10.5794	-10.6116	-10.6378	-10.6588	-10.675	-10.6871	-10.6952	-10.6999	-10.7013	-10.6999	-10.6957	-10.6888	-10.6798	-10.6684	-10.655	-10.6394	-10.6219	-10.6023	-10.5805	-10.5562	-10.5289	-10.4979	-10.4624	-10.4227	-10.3827	-10.3403	-10.3919	-10.4408	-10.4889	-10.5328	-10.5724	-10.6081	-10.6409	-10.6714	-10.7002	-10.7273	-10.753	-10.7773	
-21.4142	-21.4148	-21.4174	-21.423	-21.4329	-21.4496	-21.4769	-21.5217	-21.5972	-21.7312	-21.9888	-22.5418	-23.8699	-30.3033	-23.8391	-22.4837	-21.9037	-21.6186	-21.4565	-21.3521	-21.2772	-21.2186	-21.1691	-21.1244	-21.0821	-21.0404	-20.9978	-20.9535	-20.9064	-20.8558	-20.8008	-20.7405	-20.6742	-20.6007	-20.519	-20.4278	-20.3257	-20.2111	-20.0821	-19.9367	-19.7724	-19.5868	-19.377	-19.1399	-18.8722	-18.571	-18.2334	-17.8572	-17.4416	-16.9881	-16.5014	-15.991	-15.4725	-14.967	-14.4925	-14.0296	-13.398	-11.9122	-10.7541	-11.0295	-12.5084	-14.1938	-14.9807	-15.5491	-16.0883	-16.6275	-17.1561	-17.6589	-18.1249	-18.5481	-18.9264	-19.2607	-19.5534	-10.0992	-10.2013	-10.2892	-10.3644	-10.4284	-10.4827	-10.5283	-10.5663	-10.5975	-10.6228	-10.6428	-10.658	-10.669	-10.676	-10.6796	-10.6799	-10.6773	-10.6719	-10.6638	-10.6536	-10.641	-10.6262	-10.6093	-10.5903	-10.569	-10.5452	-10.5182	-10.4874	-10.4522	-10.4127	-10.3728	-10.3305	-10.3827	-10.432	-10.4807	-10.525	-10.5648	-10.6009	-10.634	-10.6648	-10.6938	-10.7211	-10.747	-10.7716	-10.7948	
-21.396	-21.3949	-21.395	-21.3972	-21.4022	-21.4116	-21.4277	-21.4544	-21.4984	-21.5731	-21.7061	-21.9625	-22.5138	-23.8391	-30.2629	-23.806	-22.4512	-21.8707	-21.5847	-21.4213	-21.3153	-21.2387	-21.178	-21.1262	-21.079	-21.0338	-20.9888	-20.9426	-20.8941	-20.8424	-20.7866	-20.7256	-20.6587	-20.5847	-20.5025	-20.4108	-20.3083	-20.1933	-20.0639	-19.9181	-19.7535	-19.5675	-19.3573	-19.1199	-18.8519	-18.5504	-18.2125	-17.8361	-17.4204	-16.9669	-16.4802	-15.9701	-15.4521	-14.9473	-14.4738	-14.0125	-13.3831	-11.9003	-10.7466	-11.0281	-12.5096	-14.1959	-14.9838	-15.5527	-16.092	-16.6309	-17.159	-17.6611	-18.1262	-18.5484	-18.9256	-19.2588	-19.5504	-19.8038	-10.1925	-10.2795	-10.3539	-10.4171	-10.4704	-10.515	-10.5521	-10.5824	-10.6066	-10.6255	-10.6396	-10.6495	-10.6554	-10.6578	-10.6569	-10.6531	-10.6465	-10.6372	-10.6257	-10.6118	-10.5957	-10.5773	-10.5566	-10.5332	-10.5066	-10.4761	-10.441	-10.4019	-10.3622	-10.32	-10.3728	-10.4227	-10.4719	-10.5166	-10.5568	-10.5931	-10.6267	-10.6578	-10.687	-10.7145	-10.7406	-10.7653	-10.7887	-10.8108	
-21.3782	-21.3757	-21.3741	-21.3738	-21.3754	-21.3799	-21.3887	-21.4042	-21.4301	-21.4734	-21.5471	-21.6791	-21.9342	-22.4837	-23.806	-30.2193	-23.7702	-22.4161	-21.8351	-21.548	-21.3832	-21.2754	-21.1968	-21.1339	-21.0795	-21.0294	-20.981	-20.9323	-20.882	-20.8289	-20.7719	-20.7101	-20.6424	-20.5677	-20.485	-20.3929	-20.2899	-20.1744	-20.0446	-19.8984	-19.7334	-19.5471	-19.3365	-19.0987	-18.8304	-18.5286	-18.1904	-17.8138	-17.398	-16.9444	-16.4579	-15.9481	-15.4306	-14.9264	-14.4541	-13.9944	-13.3673	-11.8878	-10.7386	-11.0264	-12.5105	-14.1978	-14.9867	-15.5562	-16.0955	-16.6341	-17.1616	-17.6629	-18.1271	-18.5482	-18.9243	-19.2563	-19.5467	-19.7989	-20.0167	-10.269	-10.3424	-10.4047	-10.457	-10.5007	-10.5367	-10.5659	-10.5891	-10.6069	-10.6199	-10.6286	-10.6333	-10.6344	-10.6323	-10.6273	-10.6194	-10.6088	-10.5961	-10.5808	-10.5631	-10.543	-10.5202	-10.4941	-10.4639	-10.4292	-10.3901	-10.3507	-10.3087	-10.3622	-10.4127	-10.4624	-10.5076	-10.5482	-10.5849	-10.6187	-10.6502	-10.6797	-10.7075	-10.7338	-10.7587	-10.7822	-10.8045	-10.8255	
-21.3602	-21.3567	-21.3538	-21.3517	-21.3509	-21.352	-21.356	-21.3641	-21.3789	-21.404	-21.4464	-21.5192	-21.65	-21.9037	-22.4512	-23.7702	-30.1722	-23.7314	-22.3781	-21.7965	-21.5082	-21.3417	-21.232	-21.1512	-21.0857	-21.0284	-20.9751	-20.923	-20.8702	-20.8153	-20.7569	-20.6939	-20.6253	-20.5499	-20.4666	-20.3738	-20.2703	-20.1544	-20.0242	-19.8775	-19.7121	-19.5253	-19.3144	-19.0762	-18.8076	-18.5055	-18.167	-17.7902	-17.3742	-16.9206	-16.4342	-15.9247	-15.4077	-14.9044	-14.4332	-13.9751	-13.3505	-11.8743	-10.7299	-11.0243	-12.5112	-14.1995	-14.9893	-15.5594	-16.0988	-16.637	-17.1638	-17.6643	-18.1274	-18.5474	-18.9224	-19.2531	-19.5422	-19.7932	-20.0096	-20.1955	-10.3299	-10.3911	-10.4425	-10.4851	-10.52	-10.5481	-10.5701	-10.5868	-10.5985	-10.606	-10.6095	-10.6094	-10.6061	-10.5997	-10.5906	-10.5787	-10.5645	-10.5477	-10.5283	-10.5061	-10.4805	-10.4508	-10.4163	-10.3775	-10.3382	-10.2965	-10.3507	-10.4019	-10.4522	-10.4979	-10.539	-10.5761	-10.6102	-10.6419	-10.6718	-10.6999	-10.7264	-10.7515	-10.7753	-10.7977	-10.8189	-10.8388	
-21.3419	-21.3376	-21.3337	-21.3303	-21.3277	-21.3263	-21.3269	-21.3301	-21.3376	-21.3516	-21.3759	-21.4174	-21.4891	-21.6186	-21.8707	-22.4161	-23.7314	-30.1213	-23.6895	-22.3369	-21.7546	-21.4649	-21.2966	-21.1848	-21.1014	-21.0331	-20.9726	-20.9156	-20.8594	-20.8019	-20.7417	-20.6773	-20.6076	-20.5313	-20.4471	-20.3537	-20.2496	-20.1331	-20.0024	-19.8553	-19.6894	-19.5022	-19.2908	-19.0523	-18.7833	-18.4808	-18.1421	-17.7651	-17.349	-16.8954	-16.4091	-15.8999	-15.3834	-14.8809	-14.411	-13.9547	-13.3326	-11.86	-10.7206	-11.022	-12.5116	-14.2009	-14.9917	-15.5623	-16.1017	-16.6396	-17.1657	-17.6652	-18.1272	-18.546	-18.9197	-19.2491	-19.5369	-19.7864	-20.0015	-20.186	-20.3435	-10.3763	-10.4265	-10.468	-10.5018	-10.5287	-10.5496	-10.565	-10.5755	-10.5817	-10.584	-10.5826	-10.5779	-10.5703	-10.5598	-10.5465	-10.5308	-10.5122	-10.4906	-10.4656	-10.4364	-10.4023	-10.3638	-10.3248	-10.2831	-10.3382	-10.3901	-10.441	-10.4874	-10.5289	-10.5665	-10.6009	-10.633	-10.6631	-10.6915	-10.7183	-10.7436	-10.7676	-10.7902	-10.8115	-10.8316	-10.8505	
-21.3228	-21.3179	-21.3132	-21.3088	-21.3049	-21.3018	-21.2998	-21.2997	-21.3023	-21.309	-21.3222	-21.3456	-21.386	-21.4565	-21.5847	-21.8351	-22.3781	-23.6895	-30.0659	-23.644	-22.2921	-21.7091	-21.4178	-21.2475	-21.1332	-21.047	-20.9755	-20.9113	-20.8502	-20.7893	-20.7266	-20.6603	-20.5891	-20.5117	-20.4266	-20.3324	-20.2276	-20.1105	-19.9792	-19.8316	-19.6652	-19.4776	-19.2658	-19.0268	-18.7574	-18.4546	-18.1156	-17.7383	-17.3221	-16.8685	-16.3824	-15.8735	-15.3576	-14.856	-14.3874	-13.9329	-13.3135	-11.8447	-10.7106	-11.0192	-12.5117	-14.2019	-14.9937	-15.5649	-16.1042	-16.6416	-17.167	-17.6655	-18.1264	-18.5438	-18.9161	-19.2441	-19.5305	-19.7785	-19.9921	-20.1752	-20.3312	-20.4637	-10.4093	-10.4496	-10.4822	-10.5079	-10.5274	-10.5416	-10.5508	-10.5557	-10.5567	-10.554	-10.548	-10.539	-10.527	-10.5122	-10.4947	-10.4739	-10.4495	-10.4209	-10.3872	-10.3491	-10.3103	-10.2689	-10.3248	-10.3775	-10.4292	-10.4761	-10.5182	-10.5562	-10.5911	-10.6235	-10.6539	-10.6826	-10.7097	-10.7353	-10.7595	-10.7823	-10.8038	-10.824	-10.8431	-10.8609	
-21.3027	-21.2974	-21.292	-21.2869	-21.2819	-21.2775	-21.2738	-21.2712	-21.2704	-21.2722	-21.2781	-21.2904	-21.3128	-21.3521	-21.4213	-21.548	-21.7965	-22.3369	-23.644	-30.0056	-23.5945	-22.2434	-21.6595	-21.3665	-21.1939	-21.0768	-20.9875	-20.9123	-20.844	-20.7782	-20.712	-20.6433	-20.5702	-20.4913	-20.405	-20.3099	-20.2043	-20.0865	-19.9546	-19.8063	-19.6394	-19.4513	-19.239	-18.9996	-18.7298	-18.4267	-18.0873	-17.7099	-17.2935	-16.8399	-16.354	-15.8454	-15.3301	-14.8295	-14.3622	-13.9097	-13.293	-11.8284	-10.6997	-11.016	-12.5113	-14.2025	-14.9953	-15.567	-16.1063	-16.6432	-17.1677	-17.6651	-18.1247	-18.5408	-18.9116	-19.2381	-19.5229	-19.7694	-19.9815	-20.1629	-20.3174	-20.4482	-20.5585	-10.4295	-10.4609	-10.4853	-10.5035	-10.5163	-10.5243	-10.5279	-10.5274	-10.5234	-10.516	-10.5055	-10.492	-10.4754	-10.4556	-10.432	-10.404	-10.3709	-10.3331	-10.2947	-10.2535	-10.3103	-10.3638	-10.4163	-10.4639	-10.5066	-10.5452	-10.5805	-10.6133	-10.6441	-10.673	-10.7004	-10.7263	-10.7507	-10.7738	-10.7954	-10.8159	-10.835	-10.853	-10.8699	
-21.2814	-21.2757	-21.2699	-21.2641	-21.2584	-21.2529	-21.2479	-21.2435	-21.2403	-21.2387	-21.2397	-21.2447	-21.256	-21.2772	-21.3153	-21.3832	-21.5082	-21.7546	-22.2921	-23.5945	-29.94	-23.5406	-22.1904	-21.6054	-21.3104	-21.1352	-21.0151	-20.9221	-20.8428	-20.7699	-20.6988	-20.6266	-20.551	-20.4702	-20.3825	-20.2862	-20.1796	-20.0609	-19.9283	-19.7794	-19.6119	-19.4232	-19.2104	-18.9705	-18.7003	-18.3968	-18.0572	-17.6795	-17.263	-16.8094	-16.3236	-15.8155	-15.3009	-14.8012	-14.3353	-13.8849	-13.2712	-11.8108	-10.688	-11.0122	-12.5106	-14.2026	-14.9965	-15.5686	-16.1079	-16.6442	-17.1678	-17.664	-18.1222	-18.5368	-18.9061	-19.2309	-19.514	-19.7589	-19.9693	-20.149	-20.3018	-20.431	-20.5396	-20.6304	-10.4378	-10.4608	-10.4777	-10.4892	-10.4957	-10.498	-10.4961	-10.4907	-10.4818	-10.4698	-10.4544	-10.4355	-10.4129	-10.3855	-10.353	-10.3157	-10.2777	-10.2368	-10.2947	-10.3491	-10.4023	-10.4508	-10.4941	-10.5332	-10.569	-10.6023	-10.6334	-10.6627	-10.6904	-10.7165	-10.7413	-10.7645	-10.7864	-10.807	-10.8263	-10.8445	-10.8615	-10.8774	
-21.2587	-21.2526	-21.2464	-21.2401	-21.2338	-21.2275	-21.2215	-21.2158	-21.2107	-21.2067	-21.2043	-21.2044	-21.2084	-21.2186	-21.2387	-21.2754	-21.3417	-21.4649	-21.7091	-22.2434	-23.5406	-29.8684	-23.4819	-22.1325	-21.5463	-21.2491	-21.0709	-20.9473	-20.8503	-20.7664	-20.6881	-20.611	-20.532	-20.4487	-20.359	-20.2612	-20.1534	-20.0338	-19.9002	-19.7506	-19.5825	-19.3932	-19.1798	-18.9394	-18.6688	-18.3648	-18.0249	-17.6469	-17.2304	-16.7768	-16.2912	-15.7835	-15.2696	-14.7709	-14.3066	-13.8583	-13.2478	-11.7919	-10.6753	-11.0078	-12.5092	-14.2021	-14.997	-15.5696	-16.1087	-16.6444	-17.167	-17.6619	-18.1187	-18.5317	-18.8992	-19.2224	-19.5037	-19.7468	-19.9554	-20.1334	-20.2844	-20.4118	-20.5187	-20.6077	-20.6811	-10.4344	-10.4499	-10.4599	-10.4651	-10.4659	-10.4626	-10.4557	-10.4452	-10.4312	-10.4136	-10.3918	-10.3654	-10.3335	-10.2968	-10.2593	-10.2187	-10.2777	-10.3331	-10.3872	-10.4364	-10.4805	-10.5202	-10.5566	-10.5903	-10.6219	-10.6516	-10.6795	-10.706	-10.7309	-10.7545	-10.7766	-10.7974	-10.8169	-10.8352	-10.8523	-10.8684	-10.8834	
-21.2343	-21.2279	-21.2213	-21.2146	-21.2078	-21.2009	-21.1941	-21.1873	-21.1809	-21.1751	-21.1703	-21.167	-21.1661	-21.1691	-21.178	-21.1968	-21.232	-21.2966	-21.4178	-21.6595	-22.1904	-23.4819	-29.7902	-23.4177	-22.0692	-21.4816	-21.1818	-21.0003	-20.8727	-20.7711	-20.682	-20.5977	-20.5138	-20.427	-20.3348	-20.2351	-20.1258	-20.0049	-19.8704	-19.7199	-19.551	-19.361	-19.147	-18.906	-18.6349	-18.3306	-17.9903	-17.6121	-17.1954	-16.7418	-16.2565	-15.7492	-15.236	-14.7386	-14.2758	-13.8299	-13.2226	-11.7715	-10.6615	-11.0027	-12.5073	-14.2009	-14.9968	-15.5699	-16.1088	-16.6438	-17.1653	-17.6588	-18.114	-18.5252	-18.891	-19.2123	-19.4917	-19.7329	-19.9396	-20.1157	-20.2649	-20.3904	-20.4955	-20.5826	-20.6542	-20.7123	-10.4199	-10.4285	-10.4322	-10.4315	-10.4267	-10.4181	-10.4057	-10.3894	-10.3688	-10.3432	-10.3123	-10.2761	-10.2391	-10.199	-10.2593	-10.3157	-10.3709	-10.4209	-10.4656	-10.5061	-10.543	-10.5773	-10.6093	-10.6394	-10.6678	-10.6945	-10.7197	-10.7435	-10.7659	-10.7869	-10.8066	-10.8251	-10.8424	-10.8585	-10.8737	-10.8878	
-21.2078	-21.2012	-21.1944	-21.1873	-21.1801	-21.1727	-21.1652	-21.1577	-21.1502	-21.1431	-21.1364	-21.1307	-21.1264	-21.1244	-21.1262	-21.1339	-21.1512	-21.1848	-21.2475	-21.3665	-21.6054	-22.1325	-23.4177	-29.7045	-23.3474	-21.9997	-21.4105	-21.1078	-20.9226	-20.7905	-20.6838	-20.5886	-20.4976	-20.4059	-20.3102	-20.2079	-20.0967	-19.9743	-19.8385	-19.687	-19.5172	-19.3264	-19.1118	-18.8702	-18.5986	-18.2938	-17.9531	-17.5747	-17.1579	-16.7044	-16.2192	-15.7125	-15.2001	-14.7038	-14.2428	-13.7993	-13.1955	-11.7495	-10.6464	-10.9968	-12.5046	-14.1989	-14.9958	-15.5693	-16.108	-16.6422	-17.1624	-17.6544	-18.1079	-18.5173	-18.8811	-19.2004	-19.4779	-19.717	-19.9217	-20.0958	-20.243	-20.3666	-20.4697	-20.5549	-20.6246	-20.6809	-20.7254	-10.3947	-10.3968	-10.3946	-10.3881	-10.3775	-10.3628	-10.3435	-10.3191	-10.2888	-10.2535	-10.2171	-10.1775	-10.2391	-10.2968	-10.353	-10.404	-10.4495	-10.4906	-10.5283	-10.5631	-10.5957	-10.6262	-10.655	-10.682	-10.7076	-10.7316	-10.7542	-10.7755	-10.7954	-10.8141	-10.8315	-10.8478	-10.8631	-10.8773	-10.8906	
-21.1791	-21.1723	-21.1652	-21.1578	-21.1502	-21.1424	-21.1344	-21.1262	-21.118	-21.1098	-21.1018	-21.0942	-21.0875	-21.0821	-21.079	-21.0795	-21.0857	-21.1014	-21.1332	-21.1939	-21.3104	-21.5463	-22.0692	-23.3474	-29.6105	-23.2702	-21.9235	-21.3324	-21.0265	-20.837	-20.6998	-20.5871	-20.4852	-20.3864	-20.2859	-20.1801	-20.0663	-19.942	-19.8046	-19.6518	-19.481	-19.2894	-19.074	-18.8317	-18.5595	-18.2542	-17.9132	-17.5345	-17.1175	-16.6641	-16.1792	-15.673	-15.1615	-14.6665	-14.2073	-13.7663	-13.1662	-11.7257	-10.63	-10.99	-12.501	-14.1959	-14.9938	-15.5677	-16.1061	-16.6394	-17.1583	-17.6487	-18.1003	-18.5077	-18.8694	-19.1866	-19.4619	-19.6989	-19.9015	-20.0734	-20.2185	-20.3401	-20.4411	-20.5244	-20.5921	-20.6465	-20.6891	-20.7214	-10.3588	-10.3548	-10.3464	-10.3334	-10.3156	-10.2924	-10.2633	-10.2286	-10.193	-10.154	-10.2171	-10.2761	-10.3335	-10.3855	-10.432	-10.4739	-10.5122	-10.5477	-10.5808	-10.6118	-10.641	-10.6684	-10.6943	-10.7186	-10.7415	-10.763	-10.7832	-10.802	-10.8196	-10.8361	-10.8515	-10.8658	-10.8792	-10.8917	
-21.1478	-21.1408	-21.1335	-21.1258	-21.1179	-21.1098	-21.1013	-21.0926	-21.0837	-21.0747	-21.0657	-21.0567	-21.0482	-21.0404	-21.0338	-21.0294	-21.0284	-21.0331	-21.047	-21.0768	-21.1352	-21.2491	-21.4816	-21.9997	-23.2702	-29.5072	-23.1855	-21.8397	-21.2464	-20.9367	-20.7424	-20.5994	-20.48	-20.3704	-20.2628	-20.1521	-20.0348	-19.9079	-19.7686	-19.6143	-19.4422	-19.2495	-19.0332	-18.7902	-18.5174	-18.2115	-17.8701	-17.4911	-17.0741	-16.6207	-16.1362	-15.6305	-15.12	-14.6263	-14.169	-13.7308	-13.1346	-11.7	-10.612	-10.9821	-12.4964	-14.1918	-14.9906	-15.5649	-16.1029	-16.6352	-17.1526	-17.6412	-18.0908	-18.4961	-18.8556	-19.1705	-19.4435	-19.6782	-19.8785	-20.0483	-20.1911	-20.3105	-20.4095	-20.4907	-20.5564	-20.6087	-20.6494	-20.6797	-20.7009	-10.3118	-10.3009	-10.2848	-10.263	-10.2351	-10.2015	-10.1665	-10.1283	-10.193	-10.2535	-10.3123	-10.3654	-10.4129	-10.4556	-10.4947	-10.5308	-10.5645	-10.5961	-10.6257	-10.6536	-10.6798	-10.7045	-10.7276	-10.7494	-10.7697	-10.7888	-10.8066	-10.8232	-10.8388	-10.8532	-10.8667	-10.8793	-10.8911	
-21.1136	-21.1064	-21.0988	-21.091	-21.0828	-21.0743	-21.0655	-21.0564	-21.0469	-21.0372	-21.0274	-21.0174	-21.0075	-20.9978	-20.9888	-20.981	-20.9751	-20.9726	-20.9755	-20.9875	-21.0151	-21.0709	-21.1818	-21.4105	-21.9235	-23.1855	-29.3937	-23.0921	-21.7472	-21.1515	-20.8375	-20.6377	-20.4882	-20.3611	-20.2427	-20.125	-20.0028	-19.8724	-19.7306	-19.5743	-19.4006	-19.2067	-18.9893	-18.7455	-18.4719	-18.1655	-17.8236	-17.4443	-17.0272	-16.5739	-16.0897	-15.5847	-15.0751	-14.583	-14.1277	-13.6923	-13.1004	-11.6719	-10.5923	-10.973	-12.4906	-14.1864	-14.9861	-15.5607	-16.0982	-16.6293	-17.1452	-17.6318	-18.0793	-18.4822	-18.8394	-19.1518	-19.4224	-19.6547	-19.8526	-20.02	-20.1605	-20.2777	-20.3744	-20.4535	-20.5171	-20.5673	-20.6058	-20.634	-20.6528	-20.6629	-10.2506	-10.2305	-10.2039	-10.1714	-10.1375	-10.0998	-10.1665	-10.2286	-10.2888	-10.3432	-10.3918	-10.4355	-10.4754	-10.5122	-10.5465	-10.5787	-10.6088	-10.6372	-10.6638	-10.6888	-10.7123	-10.7343	-10.7549	-10.7741	-10.7922	-10.809	-10.8246	-10.8392	-10.8529	-10.8655	-10.8774	-10.8884	
-21.076	-21.0686	-21.0609	-21.0528	-21.0444	-21.0356	-21.0265	-21.0169	-21.0071	-20.9968	-20.9863	-20.9755	-20.9645	-20.9535	-20.9426	-20.9323	-20.923	-20.9156	-20.9113	-20.9123	-20.9221	-20.9473	-21.0003	-21.1078	-21.3324	-21.8397	-23.0921	-29.268	-22.989	-21.6451	-21.0465	-20.7276	-20.5215	-20.3645	-20.2288	-20.1003	-19.9712	-19.8359	-19.6906	-19.5317	-19.3561	-19.1606	-18.942	-18.6972	-18.4227	-18.1157	-17.7733	-17.3937	-16.9765	-16.5233	-16.0394	-15.5351	-15.0267	-14.5361	-14.083	-13.6507	-13.0632	-11.6414	-10.5706	-10.9625	-12.4835	-14.1794	-14.98	-15.5548	-16.0917	-16.6216	-17.1357	-17.6202	-18.0653	-18.4658	-18.8203	-19.1302	-19.3982	-19.6279	-19.8233	-19.9882	-20.1263	-20.2411	-20.3356	-20.4124	-20.4738	-20.5218	-20.5579	-20.5836	-20.5994	-20.606	-20.6033	-10.1696	-10.1384	-10.1056	-10.0689	-10.1375	-10.2015	-10.2633	-10.3191	-10.3688	-10.4136	-10.4544	-10.492	-10.527	-10.5598	-10.5906	-10.6194	-10.6465	-10.6719	-10.6957	-10.718	-10.7388	-10.7583	-10.7765	-10.7935	-10.8094	-10.8241	-10.8378	-10.8506	-10.8625	-10.8736	-10.884	
-21.0346	-21.027	-21.0191	-21.0108	-21.0022	-20.9932	-20.9837	-20.9739	-20.9636	-20.9529	-20.9418	-20.9303	-20.9185	-20.9064	-20.8941	-20.882	-20.8702	-20.8594	-20.8502	-20.844	-20.8428	-20.8503	-20.8727	-20.9226	-21.0264	-21.2464	-21.7472	-22.989	-29.1292	-22.8751	-21.5321	-20.9301	-20.6057	-20.3925	-20.227	-20.0813	-19.9414	-19.7992	-19.649	-19.4867	-19.3085	-19.1111	-18.891	-18.6449	-18.3695	-18.0618	-17.7188	-17.3389	-16.9215	-16.4684	-15.985	-15.4815	-14.9742	-14.4852	-14.0345	-13.6055	-13.0226	-11.608	-10.5467	-10.9503	-12.4747	-14.1706	-14.972	-15.5469	-16.0831	-16.6116	-17.1237	-17.606	-18.0486	-18.4464	-18.7982	-19.1053	-19.3705	-19.5975	-19.7902	-19.9525	-20.0881	-20.2004	-20.2925	-20.3669	-20.4259	-20.4715	-20.505	-20.5276	-20.5398	-20.5417	-20.5336	-20.5166	-10.0702	-10.0346	-10.1056	-10.1714	-10.2351	-10.2924	-10.3435	-10.3894	-10.4312	-10.4698	-10.5055	-10.539	-10.5703	-10.5997	-10.6273	-10.6531	-10.6773	-10.6999	-10.721	-10.7408	-10.7592	-10.7763	-10.7924	-10.8073	-10.8212	-10.8341	-10.8461	-10.8572	-10.8676	-10.8773	
-20.9889	-20.9812	-20.9731	-20.9646	-20.9557	-20.9465	-20.9368	-20.9266	-20.916	-20.9049	-20.8933	-20.8812	-20.8687	-20.8558	-20.8424	-20.8289	-20.8153	-20.8019	-20.7893	-20.7782	-20.7699	-20.7664	-20.7711	-20.7905	-20.837	-20.9367	-21.1515	-21.6451	-22.8751	-28.9755	-22.7489	-21.4068	-20.801	-20.4701	-20.2488	-20.0736	-19.9166	-19.7638	-19.6066	-19.4395	-19.2579	-19.0579	-18.8359	-18.5884	-18.3119	-18.0032	-17.6597	-17.2793	-16.8618	-16.4089	-15.9259	-15.4232	-14.9172	-14.43	-13.9818	-13.5562	-12.9785	-11.5715	-10.5202	-10.9363	-12.4639	-14.1596	-14.9617	-15.5367	-16.0721	-16.599	-17.109	-17.5888	-18.0286	-18.4235	-18.7724	-19.0765	-19.3388	-19.5629	-19.7528	-19.9123	-20.0453	-20.1551	-20.2446	-20.3165	-20.3729	-20.4157	-20.446	-20.4648	-20.4722	-20.4687	-20.4555	-20.4377	-20.4136	-10.0702	-10.1384	-10.2039	-10.263	-10.3156	-10.3628	-10.4057	-10.4452	-10.4818	-10.516	-10.548	-10.5779	-10.6061	-10.6323	-10.6569	-10.6799	-10.7013	-10.7213	-10.74	-10.7573	-10.7735	-10.7886	-10.8026	-10.8156	-10.8277	-10.839	-10.8495	-10.8592	-10.8683	
-20.9383	-20.9304	-20.9221	-20.9134	-20.9044	-20.8949	-20.8849	-20.8745	-20.8635	-20.8521	-20.8401	-20.8275	-20.8144	-20.8008	-20.7866	-20.7719	-20.7569	-20.7417	-20.7266	-20.712	-20.6988	-20.6881	-20.682	-20.6838	-20.6998	-20.7424	-20.8375	-21.0465	-21.5321	-22.7489	-28.8048	-22.6088	-21.2676	-20.6573	-20.3192	-20.0886	-19.9023	-19.7325	-19.5648	-19.3908	-19.2045	-19.0011	-18.7766	-18.5272	-18.2493	-17.9396	-17.5953	-17.2146	-16.7968	-16.3441	-15.8616	-15.3598	-14.8552	-14.37	-13.9244	-13.5025	-12.9301	-11.5315	-10.4909	-10.92	-12.451	-14.1461	-14.9488	-15.5237	-16.0582	-16.5833	-17.091	-17.568	-18.0049	-18.3967	-18.7424	-19.0434	-19.3025	-19.5236	-19.7105	-19.8672	-19.9974	-20.1045	-20.1913	-20.2604	-20.3139	-20.3533	-20.3797	-20.3935	-20.3953	-20.3865	-20.3725	-20.3514	-20.4377	-20.5167	-10.1696	-10.2305	-10.2848	-10.3334	-10.3775	-10.4181	-10.4557	-10.4907	-10.5234	-10.554	-10.5826	-10.6094	-10.6344	-10.6578	-10.6796	-10.6999	-10.7188	-10.7363	-10.7527	-10.7679	-10.7821	-10.7953	-10.8075	-10.8188	-10.8294	-10.8392	-10.8483	-10.8568	
-20.8821	-20.874	-20.8655	-20.8567	-20.8474	-20.8377	-20.8275	-20.8168	-20.8056	-20.7938	-20.7814	-20.7684	-20.7548	-20.7405	-20.7256	-20.7101	-20.6939	-20.6773	-20.6603	-20.6433	-20.6266	-20.611	-20.5977	-20.5886	-20.5871	-20.5994	-20.6377	-20.7276	-20.9301	-21.4068	-22.6088	-28.6149	-22.453	-21.1126	-20.4972	-20.1508	-19.9096	-19.7107	-19.5263	-19.3418	-19.1487	-18.9406	-18.7128	-18.461	-18.1814	-17.8704	-17.5252	-17.1439	-16.726	-16.2734	-15.7915	-15.2907	-14.7875	-14.3044	-13.8617	-13.4438	-12.8771	-11.4874	-10.4584	-10.9012	-12.4354	-14.1296	-14.9328	-15.5076	-16.0408	-16.564	-17.0691	-17.5432	-17.9768	-18.3653	-18.7077	-19.0053	-19.2612	-19.479	-19.6628	-19.8165	-19.9438	-20.0479	-20.1317	-20.1977	-20.2477	-20.2829	-20.3042	-20.3122	-20.3085	-20.2988	-20.2813	-20.3725	-20.4555	-20.5336	-20.6033	-10.2506	-10.3009	-10.3464	-10.3881	-10.4267	-10.4626	-10.4961	-10.5274	-10.5567	-10.584	-10.6095	-10.6333	-10.6554	-10.676	-10.6952	-10.713	-10.7296	-10.745	-10.7593	-10.7726	-10.7849	-10.7964	-10.807	-10.8169	-10.8261	-10.8346	-10.8425	
-20.8195	-20.8112	-20.8026	-20.7935	-20.784	-20.7741	-20.7637	-20.7527	-20.7412	-20.7291	-20.7164	-20.703	-20.689	-20.6742	-20.6587	-20.6424	-20.6253	-20.6076	-20.5891	-20.5702	-20.551	-20.532	-20.5138	-20.4976	-20.4852	-20.48	-20.4882	-20.5215	-20.6057	-20.801	-21.2676	-22.453	-28.4033	-22.2794	-20.9398	-20.3185	-19.9626	-19.7094	-19.4962	-19.2952	-19.0917	-18.877	-18.6446	-18.3896	-18.1076	-17.7951	-17.4488	-17.0669	-16.6487	-16.1963	-15.7149	-15.2152	-14.7136	-14.2327	-13.7931	-13.3794	-12.8189	-11.4388	-10.4221	-10.8794	-12.4167	-14.1096	-14.9131	-15.4876	-16.0195	-16.5405	-17.0428	-17.5136	-17.9438	-18.3287	-18.6675	-18.9615	-19.2139	-19.4284	-19.6089	-19.7594	-19.8834	-19.9844	-20.0649	-20.1271	-20.1727	-20.2026	-20.2178	-20.2201	-20.2155	-20.2021	-20.2988	-20.3865	-20.4687	-20.5417	-20.606	-20.6629	-10.3118	-10.3548	-10.3946	-10.4315	-10.4659	-10.498	-10.5279	-10.5557	-10.5817	-10.606	-10.6286	-10.6495	-10.669	-10.6871	-10.7038	-10.7194	-10.7339	-10.7473	-10.7598	-10.7713	-10.782	-10.792	-10.8012	-10.8098	-10.8177	-10.8251	
-20.7496	-20.7411	-20.7323	-20.7231	-20.7134	-20.7032	-20.6926	-20.6814	-20.6696	-20.6572	-20.6442	-20.6305	-20.616	-20.6007	-20.5847	-20.5677	-20.5499	-20.5313	-20.5117	-20.4913	-20.4702	-20.4487	-20.427	-20.4059	-20.3864	-20.3704	-20.3611	-20.3645	-20.3925	-20.4701	-20.6573	-21.1126	-22.2794	-28.1673	-22.0857	-20.7468	-20.1188	-19.752	-19.4851	-19.2557	-19.0359	-18.8111	-18.5722	-18.3127	-18.0277	-17.713	-17.3654	-16.9826	-16.5641	-16.1118	-15.6311	-15.1325	-14.6327	-14.1542	-13.7179	-13.3087	-12.7547	-11.3851	-10.3817	-10.8542	-12.3943	-14.0855	-14.8891	-15.4631	-15.9935	-16.512	-17.0112	-17.4786	-17.905	-18.2861	-18.6209	-18.9112	-19.1599	-19.3707	-19.5478	-19.6948	-19.8155	-19.9128	-19.9892	-20.0469	-20.0869	-20.1105	-20.1198	-20.121	-20.1126	-20.2155	-20.3085	-20.3953	-20.4722	-20.5398	-20.5994	-20.6528	-20.7009	-10.3588	-10.3968	-10.4322	-10.4651	-10.4957	-10.5243	-10.5508	-10.5755	-10.5985	-10.6199	-10.6396	-10.658	-10.675	-10.6908	-10.7054	-10.7189	-10.7315	-10.7432	-10.754	-10.764	-10.7733	-10.7819	-10.7899	-10.7973	-10.8042	
-20.6713	-20.6627	-20.6537	-20.6443	-20.6344	-20.624	-20.6131	-20.6017	-20.5896	-20.577	-20.5636	-20.5496	-20.5347	-20.519	-20.5025	-20.485	-20.4666	-20.4471	-20.4266	-20.405	-20.3825	-20.359	-20.3348	-20.3102	-20.2859	-20.2628	-20.2427	-20.2288	-20.227	-20.2488	-20.3192	-20.4972	-20.9398	-22.0857	-27.9033	-21.8692	-20.531	-19.8952	-19.5162	-19.2338	-18.986	-18.7451	-18.4963	-18.2305	-17.9412	-17.6237	-17.2742	-16.8903	-16.4714	-16.0192	-15.5391	-15.0418	-14.5438	-14.068	-13.6351	-13.2308	-12.6839	-11.3256	-10.3364	-10.825	-12.3677	-14.0565	-14.8601	-15.4334	-15.962	-16.4778	-16.9736	-17.4371	-17.8595	-18.2364	-18.5672	-18.8534	-19.0981	-19.3052	-19.4784	-19.6217	-19.7384	-19.8314	-19.903	-19.9548	-19.9882	-20.0057	-20.0138	-20.011	-20.121	-20.2201	-20.3122	-20.3935	-20.4648	-20.5276	-20.5836	-20.634	-20.6797	-20.7214	-10.3947	-10.4285	-10.4599	-10.4892	-10.5163	-10.5416	-10.565	-10.5868	-10.6069	-10.6255	-10.6428	-10.6588	-10.6736	-10.6873	-10.6999	-10.7117	-10.7226	-10.7327	-10.742	-10.7507	-10.7587	-10.7662	-10.7731	-10.7795	
-20.5836	-20.5748	-20.5656	-20.5559	-20.5458	-20.5352	-20.5241	-20.5124	-20.5001	-20.4872	-20.4735	-20.4591	-20.4439	-20.4278	-20.4108	-20.3929	-20.3738	-20.3537	-20.3324	-20.3099	-20.2862	-20.2612	-20.2351	-20.2079	-20.1801	-20.1521	-20.125	-20.1003	-20.0813	-20.0736	-20.0886	-20.1508	-20.3185	-20.7468	-21.8692	-27.6079	-21.6269	-20.2894	-19.6447	-19.2517	-18.9518	-18.6835	-18.4189	-18.1435	-17.8482	-17.5267	-17.1747	-16.7893	-16.3696	-15.9174	-15.4381	-14.9421	-14.4462	-13.9731	-13.544	-13.1448	-12.6055	-11.2595	-10.2856	-10.791	-12.336	-14.0219	-14.825	-15.3974	-15.9239	-16.4367	-16.9287	-17.3881	-17.8061	-18.1787	-18.505	-18.7869	-19.0274	-19.2303	-19.3995	-19.5385	-19.6506	-19.7384	-19.8038	-19.8487	-19.8757	-19.8917	-19.8956	-20.0138	-20.1198	-20.2178	-20.3042	-20.3797	-20.446	-20.505	-20.5579	-20.6058	-20.6494	-20.6891	-20.7254	-10.4199	-10.4499	-10.4777	-10.5035	-10.5274	-10.5496	-10.5701	-10.5891	-10.6066	-10.6228	-10.6378	-10.6517	-10.6645	-10.6763	-10.6873	-10.6975	-10.7069	-10.7156	-10.7236	-10.7311	-10.738	-10.7444	-10.7503	
-20.4848	-20.4759	-20.4665	-20.4566	-20.4463	-20.4355	-20.4241	-20.4122	-20.3996	-20.3864	-20.3725	-20.3577	-20.3422	-20.3257	-20.3083	-20.2899	-20.2703	-20.2496	-20.2276	-20.2043	-20.1796	-20.1534	-20.1258	-20.0967	-20.0663	-20.0348	-20.0028	-19.9712	-19.9414	-19.9166	-19.9023	-19.9096	-19.9626	-20.1188	-20.531	-21.6269	-27.2766	-21.3554	-20.0185	-19.3638	-18.9551	-18.6355	-18.3442	-18.0535	-17.749	-17.4217	-17.0661	-16.6786	-16.2579	-15.8056	-15.3269	-14.8322	-14.3385	-13.8685	-13.4435	-13.0498	-12.5186	-11.186	-10.2285	-10.7516	-12.2985	-13.9805	-14.7829	-15.3541	-15.8782	-16.3876	-16.8756	-17.3304	-17.7437	-18.1115	-18.4331	-18.7104	-18.9464	-19.1447	-19.3092	-19.4433	-19.5497	-19.631	-19.6891	-19.7272	-19.7526	-19.7641	-19.8917	-20.0057	-20.1105	-20.2026	-20.2829	-20.3533	-20.4157	-20.4715	-20.5218	-20.5673	-20.6087	-20.6465	-20.6809	-20.7123	-10.4344	-10.4608	-10.4853	-10.5079	-10.5287	-10.5481	-10.5659	-10.5824	-10.5975	-10.6116	-10.6245	-10.6365	-10.6475	-10.6577	-10.6672	-10.6759	-10.684	-10.6915	-10.6984	-10.7048	-10.7107	-10.7162	
-20.3736	-20.3644	-20.3548	-20.3448	-20.3343	-20.3232	-20.3116	-20.2994	-20.2866	-20.2731	-20.2588	-20.2438	-20.2279	-20.2111	-20.1933	-20.1744	-20.1544	-20.1331	-20.1105	-20.0865	-20.0609	-20.0338	-20.0049	-19.9743	-19.942	-19.9079	-19.8724	-19.8359	-19.7992	-19.7638	-19.7325	-19.7107	-19.7094	-19.752	-19.8952	-20.2894	-21.3554	-26.9051	-21.051	-19.7147	-19.0487	-18.6225	-18.281	-17.9642	-17.6449	-17.309	-16.9481	-16.5574	-16.1352	-15.6824	-15.2043	-14.7112	-14.2198	-13.753	-13.3323	-12.9445	-12.422	-11.1039	-10.1643	-10.7058	-12.2539	-13.9312	-14.7325	-15.3022	-15.8236	-16.3291	-16.8126	-17.2625	-17.6708	-18.0334	-18.3499	-18.6222	-18.8532	-19.0464	-19.2055	-19.3334	-19.4329	-19.5064	-19.5574	-19.5936	-19.6142	-19.7526	-19.8757	-19.9882	-20.0869	-20.1727	-20.2477	-20.3139	-20.3729	-20.4259	-20.4738	-20.5171	-20.5564	-20.5921	-20.6246	-20.6542	-20.6811	-10.4378	-10.4609	-10.4822	-10.5018	-10.52	-10.5367	-10.5521	-10.5663	-10.5794	-10.5915	-10.6026	-10.6129	-10.6223	-10.6312	-10.6392	-10.6467	-10.6536	-10.66	-10.6659	-10.6714	-10.6765	
