3.82057750 	3.82077644 	3.82137869 	3.82201223 	3.82374799 	3.82543255 	3.82745101 	3.83002100 	3.83324231 	3.83389948 	3.83806582 	3.84310690 	3.84775110 	3.84913715 	3.85617897 	3.86231353 	3.86439554 	3.87133179 	3.87383467 	3.88453938 	3.88453938 	3.89654032 	3.90584764 	3.90982552 	3.91984574 	3.92435669 	3.92435669 	3.94003023 	3.94003023 	3.95668392 	3.95668392 	3.97409305 	3.97409305 	3.98568921 	3.99193343 	3.99193343 	4.00980954 	4.00980954 	4.02087983 	4.02721631 	4.02721631 	4.04357894 	4.04357894 	4.04357894 	4.05821931 	4.05821931 	4.06605864 	4.07040926 	4.07040926 	4.07646445 	4.07939577 	4.07939577 	4.08334297 	4.08441394 	4.08441394 	4.08597767 	4.08477630 	4.08477630 	4.08477630 	4.07990917 	4.07990917 	4.07990917 	4.06939834 	4.06939834 	4.06939834 	4.05302802 	4.05302802 	4.05302802 	4.05302802 	4.03079490 	4.03079490 	4.03079490 	4.00291039 	4.00291039 	4.00291039 	4.00291039 	3.96979093 	3.96979093 	3.96979093 	3.93200222 	3.93200222 	3.93200222 	3.93200222 	3.89020553 	3.89020553 	3.89020553 	3.89020553 	3.84524717 	3.84524717 	3.84524717 	3.84524717 	3.79785630 	3.79785630 	3.79785630 	3.79785630 	3.74882572 	3.74882572 	3.74882572 	3.74882572 	3.69915988 	3.69915988 	3.69915988 	3.69915988 	3.64948124 	3.64948124 	3.64948124 	3.64948124 	3.60062990 	3.60062990 	3.60062990 	3.60062990 	3.60062990 	3.55342915 	3.55342915 	3.55342915 	3.55342915 	3.50856313 	3.50856313 	3.50856313 	3.50856313 	3.50856313 	3.46675991 	3.46675991 	3.46675991 	3.46675991 	3.42869150 	3.42869150 	3.42869150 	3.42869150 	3.42869150 	3.39500150 	3.39500150 	3.39500150 	3.39500150 	3.39500150 	3.36628297 	3.36628297 	3.36628297 	3.36628297 	3.36628297 	3.34309886 	3.34309886 	3.34309886 	3.34309886 	3.34309886 	3.32596732 	3.32596732 	3.32596732 	3.32596732 	3.32596732 	3.31537748 	3.31537748 	3.31537748 	3.31537748 	3.31537748 	3.31175102 	3.31175102 	3.31175102 	
3.82077644 	3.82099929 	3.82138614 	3.82268002 	3.82401546 	3.82573289 	3.82791732 	3.83042888 	3.83163406 	3.83510333 	3.83931543 	3.84435147 	3.84537353 	3.85154088 	3.85720680 	3.86043511 	3.86702769 	3.86907220 	3.87889925 	3.88157531 	3.88995514 	3.89307974 	3.90225166 	3.90584764 	3.91576670 	3.91984574 	3.93044711 	3.93499644 	3.94617619 	3.95116524 	3.96278757 	3.96815452 	3.98004374 	3.98568921 	3.98568921 	4.00341361 	4.00341361 	4.01516143 	4.02087983 	4.02087983 	4.03756489 	4.03756489 	4.04357894 	4.05285159 	4.05285159 	4.05821931 	4.06605864 	4.06605864 	4.07040926 	4.07646445 	4.07646445 	4.08334297 	4.08334297 	4.08334297 	4.08441394 	4.08597767 	4.08597767 	4.08477630 	4.08377479 	4.08377479 	4.07990917 	4.07625857 	4.07625857 	4.06939834 	4.06310788 	4.06310788 	4.05302802 	4.05302802 	4.04423858 	4.04423858 	4.03079490 	4.01973899 	4.01973899 	4.00291039 	4.00291039 	3.98991449 	3.98991449 	3.96979093 	3.95523294 	3.95523294 	3.93200222 	3.93200222 	3.91629844 	3.91629844 	3.89020553 	3.89020553 	3.87379652 	3.87379652 	3.84524717 	3.84524717 	3.82850936 	3.79785630 	3.79785630 	3.79785630 	3.78117715 	3.74882572 	3.74882572 	3.74882572 	3.73271229 	3.69915988 	3.69915988 	3.69915988 	3.68403559 	3.68403559 	3.64948124 	3.64948124 	3.64948124 	3.63515785 	3.60062990 	3.60062990 	3.60062990 	3.58766266 	3.55342915 	3.55342915 	3.55342915 	3.55342915 	3.50856313 	3.50856313 	3.50856313 	3.50856313 	3.49887049 	3.46675991 	3.46675991 	3.46675991 	3.46675991 	3.42869150 	3.42869150 	3.42869150 	3.42869150 	3.42869150 	3.39500150 	3.39500150 	3.39500150 	3.39500150 	3.39500150 	3.36628297 	3.36628297 	3.36628297 	3.36628297 	3.36628297 	3.34309886 	3.34309886 	3.34309886 	3.34309886 	3.34309886 	3.32596732 	3.32596732 	3.32596732 	3.32596732 	3.32596732 	3.31537748 	3.31537748 	3.31537748 	3.31537748 	3.31537748 	3.31175102 	3.31175102 	3.31175102 	
3.82137869 	3.82138614 	3.82233238 	3.82323611 	3.82459840 	3.82643710 	3.82882686 	3.82951473 	3.83269583 	3.83622571 	3.84110208 	3.84257339 	3.84807418 	3.85335107 	3.85579666 	3.86196629 	3.86518104 	3.87228551 	3.87428032 	3.88456089 	3.88712656 	3.89604335 	3.89899591 	3.91207751 	3.91207751 	3.92632725 	3.93044711 	3.94165696 	3.94617619 	3.95792539 	3.96278757 	3.97492855 	3.97492855 	3.98004374 	3.99239805 	3.99763388 	4.00998129 	4.01516143 	4.01516143 	4.03214821 	4.03214821 	4.03756489 	4.04804045 	4.04804045 	4.05285159 	4.06220489 	4.06605864 	4.06605864 	4.07396263 	4.07646445 	4.08261182 	4.08261182 	4.08334297 	4.08746114 	4.08746114 	4.08597767 	4.08597767 	4.08787432 	4.08377479 	4.08377479 	4.08333516 	4.07625857 	4.07625857 	4.07347107 	4.06310788 	4.06310788 	4.06310788 	4.04423858 	4.04423858 	4.04423858 	4.01973899 	4.01973899 	4.01973899 	4.01973899 	3.98991449 	3.98991449 	3.98991449 	3.95523294 	3.95523294 	3.95523294 	3.95523294 	3.91629844 	3.91629844 	3.91629844 	3.91629844 	3.87379652 	3.87379652 	3.87379652 	3.87379652 	3.82850936 	3.82850936 	3.82850936 	3.78117715 	3.78117715 	3.78117715 	3.78117715 	3.74882572 	3.73271229 	3.73271229 	3.73271229 	3.69915988 	3.68403559 	3.68403559 	3.68403559 	3.68403559 	3.63515785 	3.63515785 	3.63515785 	3.63515785 	3.58766266 	3.58766266 	3.58766266 	3.58766266 	3.55342915 	3.54200133 	3.54200133 	3.54200133 	3.50856313 	3.49887049 	3.49887049 	3.49887049 	3.49887049 	3.46675991 	3.45894354 	3.45894354 	3.45894354 	3.42869150 	3.42869150 	3.42286406 	3.42286406 	3.42286406 	3.39500150 	3.39500150 	3.39124202 	3.39124202 	3.39124202 	3.36628297 	3.36464116 	3.36464116 	3.36464116 	3.36464116 	3.34309886 	3.34309886 	3.34359744 	3.34359744 	3.34359744 	3.32596732 	3.32596732 	3.32859796 	3.32859796 	3.32859796 	3.31537748 	3.31537748 	3.32010654 	3.32010654 	3.32010654 	3.31175102 	3.31175102 	
3.82201223 	3.82268002 	3.82323611 	3.82422192 	3.82567644 	3.82770197 	3.82814735 	3.83094302 	3.83427207 	3.83840309 	3.83933154 	3.84472951 	3.85043715 	3.85228902 	3.85812277 	3.86056452 	3.86883156 	3.87048379 	3.88011072 	3.88223089 	3.89091884 	3.89336004 	3.90568533 	3.90872906 	3.91919156 	3.92258941 	3.93382733 	3.93755571 	3.94949827 	3.95351236 	3.95792539 	3.97028755 	3.97492855 	3.98764644 	3.99239805 	4.00528520 	4.00998129 	4.00998129 	4.02725330 	4.02725330 	4.03214821 	4.04371122 	4.04371122 	4.04804045 	4.05877523 	4.06220489 	4.07181036 	4.07181036 	4.07396263 	4.08215227 	4.08261182 	4.08261182 	4.08912386 	4.08746114 	4.08746114 	4.08746114 	4.08787432 	4.08787432 	4.08787432 	4.08333516 	4.08333516 	4.08333516 	4.07347107 	4.07347107 	4.07347107 	4.06310788 	4.05807912 	4.05807912 	4.04423858 	4.03716315 	4.03716315 	4.01973899 	4.01973899 	4.01090898 	4.01090898 	3.98991449 	3.97968679 	3.97968679 	3.95523294 	3.95523294 	3.94401128 	3.94401128 	3.91629844 	3.91629844 	3.90449318 	3.87379652 	3.87379652 	3.87379652 	3.86186378 	3.82850936 	3.82850936 	3.82850936 	3.81683739 	3.78117715 	3.78117715 	3.78117715 	3.73271229 	3.73271229 	3.73271229 	3.73271229 	3.73271229 	3.68403559 	3.68403559 	3.68403559 	3.68403559 	3.63515785 	3.63515785 	3.63515785 	3.63515785 	3.58766266 	3.58766266 	3.58766266 	3.58766266 	3.54200133 	3.54200133 	3.54200133 	3.54200133 	3.54200133 	3.49887049 	3.49887049 	3.49887049 	3.49887049 	3.45894354 	3.45894354 	3.45894354 	3.45894354 	3.45894354 	3.42286406 	3.42286406 	3.42286406 	3.42286406 	3.39124202 	3.39124202 	3.39124202 	3.39124202 	3.39124202 	3.36464116 	3.36464116 	3.36464116 	3.36464116 	3.36464116 	3.34359744 	3.34359744 	3.34359744 	3.34359744 	3.34359744 	3.32859796 	3.32859796 	3.32859796 	3.32859796 	3.32859796 	3.32010654 	3.32010654 	3.32010654 	3.32010654 	3.32010654 	3.32214994 	3.32214994 	
3.82374799 	3.82401546 	3.82459840 	3.82567644 	3.82732301 	3.82739573 	3.82985634 	3.83288294 	3.83670301 	3.83728531 	3.84195063 	3.84760716 	3.84890150 	3.85520142 	3.85706210 	3.86467138 	3.86593076 	3.87481415 	3.87643014 	3.88667237 	3.88869341 	3.90039161 	3.90291575 	3.91327967 	3.91609854 	3.93043293 	3.93043293 	3.94584567 	3.94949827 	3.96222108 	3.96606504 	3.97028755 	3.98332581 	3.98764644 	4.00101479 	4.00528520 	4.00528520 	4.01879698 	4.02282196 	4.02725330 	4.03980423 	4.03980423 	4.04371122 	4.05570900 	4.05877523 	4.06994806 	4.07181036 	4.07181036 	4.08189687 	4.08215227 	4.08215227 	4.08261182 	4.08912386 	4.08912386 	4.08746114 	4.09209627 	4.09209627 	4.08787432 	4.09050393 	4.09050393 	4.08333516 	4.08392904 	4.08392904 	4.07347107 	4.07347107 	4.07208701 	4.05807912 	4.05807912 	4.05488569 	4.03716315 	4.03716315 	4.03716315 	4.01090898 	4.01090898 	4.01090898 	3.97968679 	3.97968679 	3.97968679 	3.97968679 	3.94401128 	3.94401128 	3.94401128 	3.94401128 	3.90449318 	3.90449318 	3.90449318 	3.87379652 	3.86186378 	3.86186378 	3.86186378 	3.82850936 	3.81683739 	3.81683739 	3.81683739 	3.78117715 	3.77019574 	3.77019574 	3.73271229 	3.73271229 	3.72266725 	3.72266725 	3.68403559 	3.68403559 	3.67504438 	3.67504438 	3.63515785 	3.63515785 	3.63515785 	3.62807617 	3.58766266 	3.58766266 	3.58766266 	3.58766266 	3.58244877 	3.54200133 	3.54200133 	3.54200133 	3.53885619 	3.49887049 	3.49887049 	3.49887049 	3.49887049 	3.45894354 	3.45894354 	3.45894354 	3.45894354 	3.45894354 	3.42286406 	3.42286406 	3.42286406 	3.42286406 	3.39124202 	3.39124202 	3.39124202 	3.39124202 	3.39124202 	3.36464116 	3.36464116 	3.36464116 	3.36464116 	3.36464116 	3.34359744 	3.34359744 	3.34359744 	3.34359744 	3.34359744 	3.32859796 	3.32859796 	3.32859796 	3.32859796 	3.32859796 	3.32010654 	3.32010654 	3.32010654 	3.32010654 	3.32010654 	3.32214994 	3.32214994 	
3.82543255 	3.82573289 	3.82643710 	3.82770197 	3.82739573 	3.82946839 	3.83216071 	3.83558512 	3.83603732 	3.84051083 	3.84566660 	3.84654115 	3.85298944 	3.85366102 	3.86151761 	3.86247469 	3.87077253 	3.87334262 	3.88312685 	3.88482595 	3.89599204 	3.89809049 	3.90836135 	3.91070857 	3.92451531 	3.92733826 	3.93947404 	3.94251419 	3.94584567 	3.95871545 	3.96222108 	3.97938981 	3.97938981 	3.98332581 	3.99712485 	4.00101479 	4.01513626 	4.01879698 	4.01879698 	4.03626944 	4.03626944 	4.03980423 	4.05295844 	4.05570900 	4.06832786 	4.06994806 	4.06994806 	4.08179365 	4.08189687 	4.08189687 	4.08215227 	4.09090181 	4.09090181 	4.08912386 	4.09634041 	4.09209627 	4.09209627 	4.09764452 	4.09050393 	4.09050393 	4.09433157 	4.08392904 	4.08392904 	4.08392904 	4.07208701 	4.07208701 	4.07208701 	4.05488569 	4.05488569 	4.05488569 	4.03716315 	4.03241472 	4.03241472 	4.01090898 	4.00494440 	4.00494440 	3.97968679 	3.97968679 	3.97289055 	3.97289055 	3.94401128 	3.94401128 	3.93679632 	3.90449318 	3.90449318 	3.90449318 	3.86186378 	3.86186378 	3.86186378 	3.86186378 	3.81683739 	3.81683739 	3.81683739 	3.81683739 	3.77019574 	3.77019574 	3.77019574 	3.77019574 	3.72266725 	3.72266725 	3.72266725 	3.72266725 	3.67504438 	3.67504438 	3.67504438 	3.67504438 	3.62807617 	3.62807617 	3.62807617 	3.62807617 	3.58766266 	3.58244877 	3.58244877 	3.58244877 	3.58244877 	3.53885619 	3.53885619 	3.53885619 	3.53885619 	3.49887049 	3.49797781 	3.49797781 	3.49797781 	3.45894354 	3.45894354 	3.46046795 	3.46046795 	3.46046795 	3.42286406 	3.42286406 	3.42693578 	3.42693578 	3.39124202 	3.39124202 	3.39124202 	3.39796034 	3.39796034 	3.36464116 	3.36464116 	3.36464116 	3.36464116 	3.34359744 	3.34359744 	3.34359744 	3.34359744 	3.34359744 	3.32859796 	3.32859796 	3.32859796 	3.32859796 	3.32859796 	3.32010654 	3.32010654 	3.32010654 	3.32010654 	3.32214994 	3.32214994 	3.32214994 	
3.82745101 	3.82791732 	3.82882686 	3.82814735 	3.82985634 	3.83216071 	3.83523699 	3.83532326 	3.83930147 	3.84417474 	3.84466247 	3.85087913 	3.85182694 	3.85847103 	3.85984786 	3.86770258 	3.86966948 	3.87887727 	3.88016616 	3.89071567 	3.89232487 	3.90426962 	3.90621900 	3.91958317 	3.92193793 	3.93669865 	3.93669865 	3.95259339 	3.95551529 	3.95871545 	3.97252507 	3.97580111 	3.99034443 	3.99358041 	3.99712485 	4.01180070 	4.01513626 	4.01513626 	4.03306491 	4.03306491 	4.03626944 	4.05048269 	4.05295844 	4.06691109 	4.06832786 	4.06832786 	4.08179365 	4.08179365 	4.08179365 	4.08189687 	4.09273797 	4.09090181 	4.09090181 	4.10055267 	4.09634041 	4.09634041 	4.09764452 	4.09764452 	4.09764452 	4.09433157 	4.09433157 	4.09433157 	4.08392904 	4.08607109 	4.08607109 	4.07208701 	4.07268110 	4.07268110 	4.05488569 	4.05488569 	4.05415875 	4.03241472 	4.03241472 	4.03067069 	4.00494440 	4.00494440 	4.00494440 	3.97289055 	3.97289055 	3.97289055 	3.97289055 	3.93679632 	3.93679632 	3.93679632 	3.90449318 	3.89730350 	3.89730350 	3.86186378 	3.86186378 	3.85510318 	3.85510318 	3.81683739 	3.81683739 	3.81090922 	3.81090922 	3.77019574 	3.77019574 	3.76546764 	3.72266725 	3.72266725 	3.72266725 	3.72266725 	3.67504438 	3.67504438 	3.67504438 	3.67504438 	3.62807617 	3.62807617 	3.62807617 	3.62807617 	3.58244877 	3.58244877 	3.58244877 	3.58244877 	3.58244877 	3.53885619 	3.53885619 	3.53885619 	3.53885619 	3.49797781 	3.49797781 	3.49797781 	3.49797781 	3.49797781 	3.46046795 	3.46046795 	3.46046795 	3.46046795 	3.42693578 	3.42693578 	3.42693578 	3.42693578 	3.42693578 	3.39796034 	3.39796034 	3.39796034 	3.39796034 	3.39796034 	3.37409055 	3.37409055 	3.37409055 	3.37409055 	3.34359744 	3.35584232 	3.35584232 	3.35584232 	3.35584232 	3.32859796 	3.32859796 	3.34369616 	3.34369616 	3.34369616 	3.32010654 	3.32010654 	3.32010654 	3.32214994 	3.32214994 	3.32214994 	
3.83002100 	3.83042888 	3.82951473 	3.83094302 	3.83288294 	3.83558512 	3.83532326 	3.83900361 	3.84351252 	3.84381806 	3.84953482 	3.85012099 	3.85687196 	3.85787908 	3.86540327 	3.86685869 	3.87565898 	3.87770222 	3.88791860 	3.88925309 	3.90083741 	3.90247700 	3.91547958 	3.91743667 	3.93184459 	3.93416078 	3.94748244 	3.94992254 	3.95259339 	3.96953394 	3.96953394 	3.98738942 	3.99034443 	3.99034443 	4.00876056 	4.00876056 	4.01180070 	4.03015098 	4.03015098 	4.03306491 	4.04825297 	4.05048269 	4.06566522 	4.06691109 	4.06691109 	4.08180688 	4.08180688 	4.08179365 	4.08179365 	4.09459135 	4.09273797 	4.09273797 	4.10055267 	4.10055267 	4.10055267 	4.10466542 	4.10466542 	4.09764452 	4.10456524 	4.10456524 	4.09433157 	4.09433157 	4.09988347 	4.08607109 	4.08607109 	4.07268110 	4.07268110 	4.07268110 	4.07268110 	4.05415875 	4.05415875 	4.05415875 	4.03067069 	4.03067069 	4.03067069 	4.00494440 	4.00255037 	4.00255037 	3.97289055 	3.97289055 	3.97024370 	3.93679632 	3.93679632 	3.93679632 	3.89730350 	3.89730350 	3.89730350 	3.89730350 	3.85510318 	3.85510318 	3.85510318 	3.85510318 	3.81090922 	3.81090922 	3.81090922 	3.81090922 	3.76546764 	3.76546764 	3.76546764 	3.72266725 	3.71950508 	3.71950508 	3.71950508 	3.67504438 	3.67504438 	3.67378825 	3.67378825 	3.62807617 	3.62807617 	3.62893563 	3.62893563 	3.58244877 	3.58244877 	3.58244877 	3.58571141 	3.53885619 	3.53885619 	3.53885619 	3.53885619 	3.49797781 	3.49797781 	3.49797781 	3.49797781 	3.49797781 	3.46046795 	3.46046795 	3.46046795 	3.46046795 	3.42693578 	3.42693578 	3.42693578 	3.42693578 	3.42693578 	3.39796034 	3.39796034 	3.39796034 	3.39796034 	3.39796034 	3.37409055 	3.37409055 	3.37409055 	3.37409055 	3.35584232 	3.35584232 	3.35584232 	3.35584232 	3.35584232 	3.34369616 	3.34369616 	3.34369616 	3.34369616 	3.34369616 	3.34563957 	3.34563957 	3.34563957 	3.34563957 	3.32214994 	3.32214994 	
3.83324231 	3.83163406 	3.83269583 	3.83427207 	3.83670301 	3.83603732 	3.83930147 	3.84351252 	3.84345380 	3.84874107 	3.84894827 	3.85547761 	3.85607763 	3.86373248 	3.86478149 	3.87326469 	3.87477781 	3.88460558 	3.88559981 	3.89798734 	3.89934677 	3.91203788 	3.91367965 	3.92780638 	3.92973361 	3.93184459 	3.94525380 	3.94748244 	3.96430150 	3.96679939 	3.96953394 	3.98469022 	3.98738942 	4.00598470 	4.00598470 	4.00876056 	4.02508210 	4.02749824 	4.03015098 	4.04623263 	4.04825297 	4.06456808 	4.06566522 	4.06566522 	4.08190544 	4.08190544 	4.08180688 	4.09643094 	4.09459135 	4.09459135 	4.09459135 	4.10468124 	4.10468124 	4.10055267 	4.11151038 	4.11151038 	4.10466542 	4.11456446 	4.10456524 	4.10456524 	4.10456524 	4.09988347 	4.09988347 	4.09988347 	4.09035597 	4.09035597 	4.07268110 	4.07268110 	4.07589347 	4.05415875 	4.05415875 	4.05657793 	4.03067069 	4.03067069 	4.03067069 	4.00255037 	4.00255037 	4.00255037 	4.00255037 	3.97024370 	3.97024370 	3.97024370 	3.93679632 	3.93434932 	3.93434932 	3.89730350 	3.89730350 	3.89545815 	3.89545815 	3.85510318 	3.85510318 	3.85430085 	3.81090922 	3.81090922 	3.81090922 	3.81090922 	3.76546764 	3.76546764 	3.76546764 	3.76546764 	3.71950508 	3.71950508 	3.71950508 	3.71950508 	3.67378825 	3.67378825 	3.67378825 	3.67378825 	3.62893563 	3.62893563 	3.62893563 	3.62893563 	3.58571141 	3.58571141 	3.58571141 	3.58571141 	3.53885619 	3.54472791 	3.54472791 	3.54472791 	3.49797781 	3.49797781 	3.50666296 	3.50666296 	3.46046795 	3.46046795 	3.46046795 	3.47213182 	3.47213182 	3.42693578 	3.42693578 	3.42693578 	3.42693578 	3.39796034 	3.39796034 	3.39796034 	3.39796034 	3.39796034 	3.37409055 	3.37409055 	3.37409055 	3.37409055 	3.35584232 	3.35584232 	3.35584232 	3.35584232 	3.35584232 	3.34369616 	3.34369616 	3.34369616 	3.34369616 	3.34369616 	3.34563957 	3.34563957 	3.34563957 	3.34563957 	3.35290552 	3.35290552 	
3.83389948 	3.83510333 	3.83622571 	3.83840309 	3.83728531 	3.84051083 	3.84417474 	3.84381806 	3.84874107 	3.84866926 	3.85480996 	3.85505926 	3.86232715 	3.86291987 	3.87155616 	3.87262509 	3.88215541 	3.88369488 	3.89462499 	3.89563574 	3.90919471 	3.91054585 	3.92443029 	3.92603855 	3.92780638 	3.94322578 	3.94525380 	3.95993405 	3.96201832 	3.97996875 	3.98222210 	3.98469022 	4.00113229 	4.00344865 	4.00598470 	4.02287977 	4.02508210 	4.02508210 	4.04440101 	4.04623263 	4.06359948 	4.06456808 	4.06456808 	4.08206497 	4.08206497 	4.08190544 	4.08190544 	4.09643094 	4.09643094 	4.09459135 	4.10869184 	4.10869184 	4.10468124 	4.11813546 	4.11151038 	4.11151038 	4.11456446 	4.11456446 	4.11456446 	4.10456524 	4.11341726 	4.11341726 	4.09988347 	4.10775802 	4.09035597 	4.09035597 	4.09035597 	4.07589347 	4.07589347 	4.07589347 	4.05657793 	4.05657793 	4.05657793 	4.03067069 	4.03264613 	4.03264613 	4.00255037 	4.00255037 	4.00445863 	3.97024370 	3.97024370 	3.97024370 	3.93434932 	3.93434932 	3.93434932 	3.93434932 	3.89545815 	3.89545815 	3.89545815 	3.89545815 	3.85430085 	3.85430085 	3.85430085 	3.81090922 	3.81154453 	3.81154453 	3.81154453 	3.76546764 	3.76786925 	3.76786925 	3.71950508 	3.71950508 	3.71950508 	3.72408393 	3.67378825 	3.67378825 	3.67378825 	3.67378825 	3.62893563 	3.62893563 	3.62893563 	3.62893563 	3.58571141 	3.58571141 	3.58571141 	3.58571141 	3.54472791 	3.54472791 	3.54472791 	3.54472791 	3.54472791 	3.50666296 	3.50666296 	3.50666296 	3.50666296 	3.47213182 	3.47213182 	3.47213182 	3.47213182 	3.47213182 	3.44172686 	3.44172686 	3.44172686 	3.44172686 	3.39796034 	3.39796034 	3.41601711 	3.41601711 	3.37409055 	3.37409055 	3.37409055 	3.39554808 	3.39554808 	3.35584232 	3.35584232 	3.35584232 	3.35584232 	3.34369616 	3.34369616 	3.34369616 	3.34369616 	3.34369616 	3.34563957 	3.34563957 	3.34563957 	3.34563957 	3.35290552 	3.35290552 	
3.83806582 	3.83931543 	3.84110208 	3.83933154 	3.84195063 	3.84566660 	3.84466247 	3.84953482 	3.84894827 	3.85480996 	3.85472922 	3.86182117 	3.86210946 	3.87043744 	3.87112095 	3.88044793 	3.88151051 	3.89290373 	3.89371689 	3.90585143 	3.90685031 	3.92164013 	3.92296467 	3.92443029 	3.93966844 	3.94137216 	3.95804241 	3.95993405 	3.97603988 	3.97790781 	3.97996875 	3.99901739 	3.99901739 	4.00113229 	4.02086960 	4.02086960 	4.02287977 	4.04273897 	4.04273897 	4.06273461 	4.06273461 	4.06359948 	4.08226915 	4.08226915 	4.08206497 	4.08206497 	4.09823413 	4.09823413 	4.09643094 	4.11255550 	4.10869184 	4.10869184 	4.12450321 	4.11813546 	4.11813546 	4.12424725 	4.12424725 	4.11456446 	4.11456446 	4.12657517 	4.11341726 	4.11341726 	4.10775802 	4.10775802 	4.10775802 	4.09035597 	4.09743095 	4.09743095 	4.07589347 	4.08242837 	4.08242837 	4.05657793 	4.05657793 	4.06288639 	4.03264613 	4.03264613 	4.03264613 	4.00445863 	4.00445863 	4.00445863 	3.97024370 	3.97252669 	3.97252669 	3.93434932 	3.93434932 	3.93744780 	3.93744780 	3.89545815 	3.89545815 	3.89982687 	3.85430085 	3.85430085 	3.85430085 	3.81154453 	3.81154453 	3.81154453 	3.81154453 	3.76786925 	3.76786925 	3.76786925 	3.76786925 	3.72408393 	3.72408393 	3.72408393 	3.72408393 	3.67378825 	3.68076377 	3.68076377 	3.68076377 	3.62893563 	3.62893563 	3.63861303 	3.58571141 	3.58571141 	3.58571141 	3.58571141 	3.54472791 	3.54472791 	3.54472791 	3.54472791 	3.54472791 	3.50666296 	3.50666296 	3.50666296 	3.50666296 	3.47213182 	3.47213182 	3.47213182 	3.47213182 	3.47213182 	3.44172686 	3.44172686 	3.44172686 	3.44172686 	3.41601711 	3.41601711 	3.41601711 	3.41601711 	3.41601711 	3.39554808 	3.39554808 	3.39554808 	3.39554808 	3.39554808 	3.38081673 	3.38081673 	3.38081673 	3.38081673 	3.34369616 	3.34369616 	3.34369616 	3.34563957 	3.34563957 	3.34563957 	3.34563957 	3.34563957 	3.35290552 	3.35290552 	
3.84310690 	3.84435147 	3.84257339 	3.84472951 	3.84760716 	3.84654115 	3.85087913 	3.85012099 	3.85547761 	3.85505926 	3.86182117 	3.86172303 	3.86985160 	3.86999057 	3.87967142 	3.88002575 	3.89099570 	3.89154778 	3.90416506 	3.90495668 	3.91936599 	3.92044289 	3.93547284 	3.93673293 	3.93812971 	3.95472591 	3.95630478 	3.97432787 	3.97603988 	3.97603988 	3.99532685 	3.99708496 	3.99901739 	4.01736438 	4.01903833 	4.02086960 	4.03985799 	4.04122912 	4.06196333 	4.06196333 	4.06273461 	4.08250742 	4.08250742 	4.08226915 	4.08226915 	4.09998335 	4.09998335 	4.09823413 	4.11625614 	4.11255550 	4.11255550 	4.12450321 	4.12450321 	4.12450321 	4.13357000 	4.13357000 	4.12424725 	4.12424725 	4.12657517 	4.12657517 	4.12657517 	4.12477320 	4.12477320 	4.10775802 	4.10775802 	4.11861810 	4.09743095 	4.09743095 	4.10802676 	4.08242837 	4.08242837 	4.08242837 	4.06288639 	4.06288639 	4.06288639 	4.03264613 	4.03912792 	4.00445863 	4.00445863 	4.00445863 	3.97252669 	3.97252669 	3.97252669 	3.97252669 	3.93744780 	3.93744780 	3.93744780 	3.93744780 	3.89982687 	3.89982687 	3.89982687 	3.85430085 	3.86031068 	3.86031068 	3.81154453 	3.81154453 	3.81154453 	3.81958140 	3.76786925 	3.76786925 	3.76786925 	3.72408393 	3.72408393 	3.72408393 	3.72408393 	3.68076377 	3.68076377 	3.68076377 	3.68076377 	3.63861303 	3.63861303 	3.63861303 	3.63861303 	3.58571141 	3.59834151 	3.59834151 	3.59834151 	3.54472791 	3.54472791 	3.56054390 	3.56054390 	3.50666296 	3.50666296 	3.50666296 	3.52586533 	3.47213182 	3.47213182 	3.47213182 	3.47213182 	3.47213182 	3.44172686 	3.44172686 	3.44172686 	3.44172686 	3.41601711 	3.41601711 	3.41601711 	3.41601711 	3.41601711 	3.39554808 	3.39554808 	3.39554808 	3.39554808 	3.39554808 	3.38081673 	3.38081673 	3.38081673 	3.38081673 	3.38311147 	3.38311147 	3.38311147 	3.38311147 	3.34563957 	3.34563957 	3.34563957 	3.35290552 	3.35290552 	3.35290552 	
3.84775110 	3.84537353 	3.84807418 	3.85043715 	3.84890150 	3.85298944 	3.85182694 	3.85687196 	3.85607763 	3.86232715 	3.86210946 	3.86985160 	3.86973752 	3.87900419 	3.87916354 	3.88980695 	3.89052292 	3.90234050 	3.90346706 	3.91679498 	3.91754812 	3.93332290 	3.93433705 	3.93547284 	3.95199965 	3.95329130 	3.97135128 	3.97276453 	3.97432787 	3.99372862 	3.99372862 	3.99532685 	4.01584552 	4.01736438 	4.01736438 	4.03861274 	4.03985799 	4.06127486 	4.06127486 	4.06196333 	4.08302536 	4.08276224 	4.08250742 	4.08250742 	4.10166618 	4.10166618 	4.09998335 	4.11977958 	4.11625614 	4.11625614 	4.13058993 	4.13058993 	4.12450321 	4.14250149 	4.13357000 	4.13357000 	4.13357000 	4.13929776 	4.13929776 	4.12657517 	4.14129932 	4.14129932 	4.12477320 	4.12477320 	4.11861810 	4.11861810 	4.11861810 	4.10802676 	4.10802676 	4.10802676 	4.08242837 	4.09304582 	4.06288639 	4.06288639 	4.06288639 	4.03912792 	4.03912792 	4.03912792 	4.00445863 	4.01150729 	4.01150729 	3.97252669 	3.97252669 	3.98064034 	3.93744780 	3.93744780 	3.93744780 	3.94701528 	3.89982687 	3.89982687 	3.89982687 	3.86031068 	3.86031068 	3.86031068 	3.86031068 	3.81958140 	3.81958140 	3.81958140 	3.81958140 	3.76786925 	3.77824953 	3.77824953 	3.72408393 	3.72408393 	3.73722326 	3.73722326 	3.68076377 	3.68076377 	3.68076377 	3.63861303 	3.63861303 	3.63861303 	3.63861303 	3.63861303 	3.59834151 	3.59834151 	3.59834151 	3.59834151 	3.56054390 	3.56054390 	3.56054390 	3.56054390 	3.52586533 	3.52586533 	3.52586533 	3.52586533 	3.47213182 	3.49492519 	3.49492519 	3.49492519 	3.44172686 	3.44172686 	3.44172686 	3.46830606 	3.46830606 	3.41601711 	3.41601711 	3.41601711 	3.41601711 	3.39554808 	3.39554808 	3.39554808 	3.39554808 	3.39554808 	3.38081673 	3.38081673 	3.38081673 	3.38081673 	3.38311147 	3.38311147 	3.38311147 	3.38311147 	3.39087597 	3.39087597 	3.39087597 	3.39087597 	3.35290552 	3.35290552 	
3.84913715 	3.85154088 	3.85335107 	3.85228902 	3.85520142 	3.85366102 	3.85847103 	3.85787908 	3.86373248 	3.86291987 	3.87043744 	3.86999057 	3.87900419 	3.87888086 	3.88927826 	3.88955951 	3.90155347 	3.90190592 	3.91558091 	3.91614075 	3.91679498 	3.93242077 	3.93332290 	3.94979610 	3.95083626 	3.95199965 	3.97007992 	3.97135128 	3.99093923 	3.99226488 	3.99372862 	4.01446418 	4.01446418 	4.01584552 	4.03748788 	4.03861274 	4.03861274 	4.06065977 	4.06127486 	4.08329084 	4.08302536 	4.08302536 	4.08276224 	4.10327780 	4.10327780 	4.10166618 	4.12311798 	4.11977958 	4.11977958 	4.13638495 	4.13638495 	4.13058993 	4.15101848 	4.14250149 	4.14250149 	4.13357000 	4.15152838 	4.15152838 	4.13929776 	4.15727225 	4.14129932 	4.14129932 	4.14129932 	4.13931956 	4.13931956 	4.11861810 	4.13319566 	4.10802676 	4.10802676 	4.10802676 	4.09304582 	4.09304582 	4.09304582 	4.06288639 	4.07392907 	4.07392907 	4.03912792 	4.03912792 	4.05095529 	4.01150729 	4.01150729 	4.01150729 	3.98064034 	3.98064034 	3.98064034 	3.93744780 	3.94701528 	3.94701528 	3.94701528 	3.89982687 	3.91126227 	3.91126227 	3.86031068 	3.86031068 	3.86031068 	3.81958140 	3.81958140 	3.81958140 	3.81958140 	3.77824953 	3.77824953 	3.77824953 	3.77824953 	3.73722326 	3.73722326 	3.73722326 	3.73722326 	3.68076377 	3.69699509 	3.69699509 	3.63861303 	3.63861303 	3.63861303 	3.65836501 	3.59834151 	3.59834151 	3.59834151 	3.59834151 	3.56054390 	3.56054390 	3.56054390 	3.56054390 	3.52586533 	3.52586533 	3.52586533 	3.52586533 	3.52586533 	3.49492519 	3.49492519 	3.49492519 	3.49492519 	3.46830606 	3.46830606 	3.46830606 	3.46830606 	3.46830606 	3.44655670 	3.44655670 	3.44655670 	3.44655670 	3.39554808 	3.39554808 	3.43020806 	3.43020806 	3.38081673 	3.38081673 	3.38081673 	3.38081673 	3.38311147 	3.38311147 	3.38311147 	3.38311147 	3.39087597 	3.39087597 	3.39087597 	3.39087597 	3.40386357 	3.40386357 	
3.85617897 	3.85720680 	3.85579666 	3.85812277 	3.85706210 	3.86151761 	3.85984786 	3.86540327 	3.86478149 	3.87155616 	3.87112095 	3.87967142 	3.87916354 	3.88927826 	3.88924341 	3.90097134 	3.90128138 	3.91473278 	3.91511208 	3.91558091 	3.93093799 	3.93162783 	3.94805893 	3.94887214 	3.94979610 	3.96789877 	3.96892607 	3.98866251 	3.98973931 	3.99093923 	4.01205528 	4.01319956 	4.01446418 	4.03646582 	4.03646582 	4.05962868 	4.06011651 	4.06011651 	4.08355790 	4.08329084 	4.08329084 	4.10624914 	4.10480671 	4.10480671 	4.10327780 	4.12627172 	4.12311798 	4.12311798 	4.14187271 	4.14187271 	4.13638495 	4.15910339 	4.15101848 	4.15101848 	4.14250149 	4.16323079 	4.15152838 	4.15152838 	4.15727225 	4.15727225 	4.15727225 	4.14129932 	4.15943037 	4.13931956 	4.13931956 	4.13319566 	4.13319566 	4.13319566 	4.10802676 	4.12292232 	4.12292232 	4.09304582 	4.09304582 	4.10862906 	4.07392907 	4.07392907 	4.07392907 	4.05095529 	4.05095529 	4.05095529 	4.01150729 	4.02465648 	4.02465648 	3.98064034 	3.98064034 	3.99546641 	3.94701528 	3.94701528 	3.94701528 	3.91126227 	3.91126227 	3.91126227 	3.91126227 	3.87403774 	3.87403774 	3.87403774 	3.81958140 	3.81958140 	3.83597770 	3.77824953 	3.77824953 	3.77824953 	3.77824953 	3.73722326 	3.73722326 	3.73722326 	3.73722326 	3.69699509 	3.69699509 	3.69699509 	3.69699509 	3.65836501 	3.65836501 	3.65836501 	3.65836501 	3.59834151 	3.62137841 	3.62137841 	3.62137841 	3.56054390 	3.56054390 	3.58740003 	3.52586533 	3.52586533 	3.52586533 	3.52586533 	3.49492519 	3.49492519 	3.49492519 	3.49492519 	3.49492519 	3.46830606 	3.46830606 	3.46830606 	3.46830606 	3.46830606 	3.44655670 	3.44655670 	3.44655670 	3.44655670 	3.43020806 	3.43020806 	3.43020806 	3.43020806 	3.43020806 	3.43321789 	3.43321789 	3.43321789 	3.38311147 	3.38311147 	3.38311147 	3.38311147 	3.39087597 	3.39087597 	3.39087597 	3.39087597 	3.40386357 	3.40386357 	
3.86231353 	3.86043511 	3.86196629 	3.86056452 	3.86467138 	3.86247469 	3.86770258 	3.86685869 	3.87326469 	3.87262509 	3.88044793 	3.88002575 	3.88980695 	3.88955951 	3.90097134 	3.90093422 	3.91410592 	3.91423051 	3.91473278 	3.92945301 	3.93034727 	3.94674655 	3.94734680 	3.96618352 	3.96698624 	3.96789877 	3.98769892 	3.98866251 	3.98866251 	4.01101790 	4.01101790 	4.01205528 	4.03468653 	4.03553386 	4.05919157 	4.05919157 	4.05962868 	4.08382071 	4.08355790 	4.08355790 	4.10760397 	4.10760397 	4.10624914 	4.10480671 	4.12923718 	4.12627172 	4.12627172 	4.14704981 	4.14704981 	4.14187271 	4.15910339 	4.15910339 	4.15910339 	4.15101848 	4.17438259 	4.16323079 	4.16323079 	4.17262761 	4.17262761 	4.15727225 	4.15727225 	4.15943037 	4.15943037 	4.15943037 	4.15779998 	4.15779998 	4.13319566 	4.13319566 	4.15230352 	4.12292232 	4.12292232 	4.12292232 	4.10862906 	4.10862906 	4.10862906 	4.07392907 	4.09055828 	4.05095529 	4.05095529 	4.05095529 	4.02465648 	4.02465648 	4.02465648 	4.02465648 	3.99546641 	3.99546641 	3.99546641 	3.94701528 	3.96397855 	3.96397855 	3.91126227 	3.91126227 	3.91126227 	3.87403774 	3.87403774 	3.87403774 	3.87403774 	3.83597770 	3.83597770 	3.83597770 	3.77824953 	3.79770837 	3.79770837 	3.79770837 	3.73722326 	3.73722326 	3.76006003 	3.69699509 	3.69699509 	3.69699509 	3.69699509 	3.65836501 	3.65836501 	3.65836501 	3.65836501 	3.62137841 	3.62137841 	3.62137841 	3.62137841 	3.58740003 	3.58740003 	3.58740003 	3.58740003 	3.52586533 	3.55678094 	3.55678094 	3.55678094 	3.49492519 	3.49492519 	3.49492519 	3.53012660 	3.46830606 	3.46830606 	3.46830606 	3.46830606 	3.46830606 	3.44655670 	3.44655670 	3.44655670 	3.44655670 	3.43020806 	3.43020806 	3.43020806 	3.43020806 	3.43020806 	3.43321789 	3.43321789 	3.43321789 	3.43321789 	3.38311147 	3.38311147 	3.39087597 	3.39087597 	3.39087597 	3.39087597 	3.39087597 	3.40386357 	3.40386357 	
3.86439554 	3.86702769 	3.86518104 	3.86883156 	3.86593076 	3.87077253 	3.86966948 	3.87565898 	3.87477781 	3.88215541 	3.88151051 	3.89099570 	3.89052292 	3.90155347 	3.90128138 	3.91410592 	3.91406443 	3.91410592 	3.92892352 	3.92914315 	3.94582955 	3.94624058 	3.96488737 	3.96548438 	3.96618352 	3.98609158 	3.98684385 	3.98769892 	4.00925928 	4.01008920 	4.01101790 	4.03391905 	4.03391905 	4.03468653 	4.05879159 	4.05919157 	4.08406890 	4.08406890 	4.08382071 	4.10886981 	4.10886981 	4.10760397 	4.10760397 	4.13200720 	4.12923718 	4.12923718 	4.15191478 	4.15191478 	4.14704981 	4.16674688 	4.16674688 	4.15910339 	4.15910339 	4.17438259 	4.17438259 	4.17438259 	4.18731723 	4.18731723 	4.17262761 	4.17262761 	4.17886894 	4.17886894 	4.15943037 	4.18171353 	4.18171353 	4.15779998 	4.15779998 	4.15230352 	4.15230352 	4.15230352 	4.12292232 	4.14298484 	4.10862906 	4.10862906 	4.10862906 	4.09055828 	4.09055828 	4.09055828 	4.05095529 	4.06916374 	4.06916374 	4.02465648 	4.02465648 	4.04481059 	3.99546641 	3.99546641 	3.99546641 	3.96397855 	3.96397855 	3.96397855 	3.96397855 	3.93080425 	3.93080425 	3.93080425 	3.87403774 	3.87403774 	3.89656824 	3.83597770 	3.83597770 	3.83597770 	3.79770837 	3.79770837 	3.79770837 	3.79770837 	3.76006003 	3.76006003 	3.76006003 	3.76006003 	3.69699509 	3.72339995 	3.72339995 	3.72339995 	3.65836501 	3.65836501 	3.65836501 	3.62137841 	3.62137841 	3.62137841 	3.62137841 	3.58740003 	3.58740003 	3.58740003 	3.58740003 	3.58740003 	3.55678094 	3.55678094 	3.55678094 	3.55678094 	3.53012660 	3.53012660 	3.53012660 	3.53012660 	3.46830606 	3.46830606 	3.50801608 	3.50801608 	3.44655670 	3.44655670 	3.44655670 	3.44655670 	3.43020806 	3.43020806 	3.43020806 	3.43020806 	3.43321789 	3.43321789 	3.43321789 	3.43321789 	3.43321789 	3.44188271 	3.44188271 	3.44188271 	3.39087597 	3.39087597 	3.39087597 	3.40386357 	3.40386357 	3.40386357 	
3.87133179 	3.86907220 	3.87228551 	3.87048379 	3.87481415 	3.87334262 	3.87887727 	3.87770222 	3.88460558 	3.88369488 	3.89290373 	3.89154778 	3.90234050 	3.90190592 	3.91473278 	3.91423051 	3.91410592 	3.92874835 	3.92879242 	3.94528756 	3.94551226 	3.96398072 	3.96438687 	3.96488737 	3.98487700 	3.98543685 	3.98609158 	4.00787212 	4.00852079 	4.00925928 	4.03262531 	4.03323599 	4.05811981 	4.05843313 	4.05843313 	4.05879159 	4.08430217 	4.08406890 	4.08406890 	4.11005364 	4.10886981 	4.10886981 	4.13458665 	4.13200720 	4.13200720 	4.15647911 	4.15647911 	4.15191478 	4.17394357 	4.17394357 	4.16674688 	4.16674688 	4.18496010 	4.18496010 	4.17438259 	4.20130972 	4.18731723 	4.18731723 	4.18731723 	4.19755925 	4.19755925 	4.17886894 	4.20483848 	4.18171353 	4.18171353 	4.18171353 	4.18101629 	4.18101629 	4.15230352 	4.15230352 	4.14298484 	4.14298484 	4.14298484 	4.10862906 	4.13004902 	4.13004902 	4.09055828 	4.09055828 	4.06916374 	4.06916374 	4.06916374 	4.06916374 	4.04481059 	4.04481059 	4.04481059 	3.99546641 	4.01805392 	4.01805392 	3.96397855 	3.96397855 	3.96397855 	3.93080425 	3.93080425 	3.93080425 	3.89656824 	3.89656824 	3.89656824 	3.89656824 	3.83597770 	3.86188357 	3.86188357 	3.79770837 	3.79770837 	3.79770837 	3.76006003 	3.76006003 	3.76006003 	3.76006003 	3.72339995 	3.72339995 	3.72339995 	3.72339995 	3.72339995 	3.68856366 	3.68856366 	3.68856366 	3.62137841 	3.62137841 	3.65611113 	3.65611113 	3.58740003 	3.58740003 	3.58740003 	3.55678094 	3.55678094 	3.55678094 	3.55678094 	3.55678094 	3.53012660 	3.53012660 	3.53012660 	3.53012660 	3.53012660 	3.50801608 	3.50801608 	3.50801608 	3.50801608 	3.49101677 	3.49101677 	3.49101677 	3.49101677 	3.43020806 	3.43020806 	3.43020806 	3.43321789 	3.43321789 	3.43321789 	3.43321789 	3.44188271 	3.44188271 	3.44188271 	3.44188271 	3.44188271 	3.45600640 	3.45600640 	3.45600640 	3.40386357 	3.40386357 	
3.87383467 	3.87889925 	3.87428032 	3.88011072 	3.87643014 	3.88312685 	3.88016616 	3.88791860 	3.88559981 	3.89462499 	3.89371689 	3.90416506 	3.90346706 	3.91558091 	3.91511208 	3.91473278 	3.92892352 	3.92879242 	3.94510745 	3.94515997 	3.96344521 	3.96366563 	3.96398072 	3.98442330 	3.98442330 	3.98487700 	4.00730854 	4.00787212 	4.00787212 	4.03208592 	4.03208592 	4.03262531 	4.05784157 	4.05811981 	4.08473104 	4.08452269 	4.08452269 	4.08430217 	4.11114003 	4.11005364 	4.11005364 	4.13697853 	4.13458665 	4.13458665 	4.16072149 	4.16072149 	4.15647911 	4.18070838 	4.18070838 	4.17394357 	4.17394357 	4.19495090 	4.19495090 	4.18496010 	4.21457834 	4.20130972 	4.20130972 	4.18731723 	4.21544902 	4.19755925 	4.19755925 	4.20483848 	4.20483848 	4.20483848 	4.18171353 	4.20899500 	4.18101629 	4.18101629 	4.18101629 	4.17680196 	4.17680196 	4.14298484 	4.14298484 	4.13004902 	4.13004902 	4.13004902 	4.13004902 	4.11385818 	4.11385818 	4.06916374 	4.06916374 	4.09470862 	4.04481059 	4.04481059 	4.04481059 	4.01805392 	4.01805392 	4.01805392 	4.01805392 	3.98946023 	3.98946023 	3.93080425 	3.93080425 	3.93080425 	3.89656824 	3.89656824 	3.89656824 	3.89656824 	3.86188357 	3.86188357 	3.86188357 	3.86188357 	3.82739429 	3.82739429 	3.82739429 	3.76006003 	3.76006003 	3.76006003 	3.72339995 	3.72339995 	3.72339995 	3.72339995 	3.68856366 	3.68856366 	3.68856366 	3.68856366 	3.68856366 	3.65611113 	3.65611113 	3.65611113 	3.65611113 	3.62668417 	3.62668417 	3.62668417 	3.55678094 	3.55678094 	3.55678094 	3.60087490 	3.53012660 	3.53012660 	3.53012660 	3.53012660 	3.50801608 	3.50801608 	3.50801608 	3.50801608 	3.50801608 	3.49101677 	3.49101677 	3.49101677 	3.49101677 	3.49101677 	3.49500479 	3.49500479 	3.49500479 	3.43321789 	3.43321789 	3.43321789 	3.44188271 	3.44188271 	3.44188271 	3.44188271 	3.45600640 	3.45600640 	3.45600640 	3.45600640 	3.47536630 	3.47536630 	
3.88453938 	3.88157531 	3.88456089 	3.88223089 	3.88667237 	3.88482595 	3.89071567 	3.88925309 	3.89798734 	3.89563574 	3.90585143 	3.90495668 	3.91679498 	3.91614075 	3.91558091 	3.92945301 	3.92914315 	3.94528756 	3.94515997 	3.96326725 	3.96331201 	3.96344521 	3.98373395 	3.98402777 	3.98442330 	4.00642142 	4.00682575 	4.00730854 	4.03119796 	4.03161057 	4.05738241 	4.05759678 	4.05784157 	4.08492442 	4.08492442 	4.08473104 	4.11306078 	4.11214823 	4.11214823 	4.11114003 	4.13919266 	4.13919266 	4.13697853 	4.16465764 	4.16465764 	4.16072149 	4.18699874 	4.18699874 	4.18070838 	4.18070838 	4.20434746 	4.20434746 	4.19495090 	4.21457834 	4.21457834 	4.21457834 	4.20130972 	4.21544902 	4.21544902 	4.21544902 	4.22710182 	4.22710182 	4.20483848 	4.20483848 	4.20899500 	4.20899500 	4.20899500 	4.18101629 	4.20993434 	4.17680196 	4.17680196 	4.17680196 	4.16919445 	4.16919445 	4.13004902 	4.13004902 	4.15844836 	4.11385818 	4.11385818 	4.11385818 	4.09470862 	4.09470862 	4.09470862 	4.04481059 	4.07311065 	4.07311065 	4.01805392 	4.01805392 	4.01805392 	3.98946023 	3.98946023 	3.98946023 	3.95961784 	3.95961784 	3.95961784 	3.89656824 	3.89656824 	3.92913323 	3.86188357 	3.86188357 	3.86188357 	3.86188357 	3.82739429 	3.82739429 	3.82739429 	3.82739429 	3.79374962 	3.79374962 	3.79374962 	3.72339995 	3.72339995 	3.76157121 	3.76157121 	3.68856366 	3.68856366 	3.68856366 	3.65611113 	3.65611113 	3.65611113 	3.65611113 	3.65611113 	3.62668417 	3.62668417 	3.62668417 	3.62668417 	3.60087490 	3.60087490 	3.60087490 	3.60087490 	3.53012660 	3.53012660 	3.57931403 	3.57931403 	3.50801608 	3.50801608 	3.50801608 	3.50801608 	3.49101677 	3.49101677 	3.49101677 	3.49101677 	3.49500479 	3.49500479 	3.49500479 	3.49500479 	3.50490672 	3.50490672 	3.50490672 	3.44188271 	3.44188271 	3.44188271 	3.44188271 	3.45600640 	3.45600640 	3.45600640 	3.45600640 	3.47536630 	3.47536630 	
3.88453938 	3.88995514 	3.88712656 	3.89091884 	3.88869341 	3.89599204 	3.89232487 	3.90083741 	3.89934677 	3.90919471 	3.90685031 	3.91936599 	3.91754812 	3.91679498 	3.93093799 	3.93034727 	3.94582955 	3.94551226 	3.96344521 	3.96331201 	3.96326725 	3.98340099 	3.98352543 	3.98373395 	4.00584152 	4.00609431 	4.00642142 	4.03084450 	4.03084450 	4.05719863 	4.05719863 	4.05738241 	4.05759678 	4.08509971 	4.08492442 	4.11389273 	4.11306078 	4.11306078 	4.11214823 	4.14121468 	4.14121468 	4.13919266 	4.16829364 	4.16829364 	4.16465764 	4.19286011 	4.19286011 	4.18699874 	4.18699874 	4.21314645 	4.21314645 	4.20434746 	4.22710489 	4.22710489 	4.21457834 	4.21457834 	4.23249097 	4.23249097 	4.21544902 	4.24840256 	4.22710182 	4.22710182 	4.22710182 	4.23604837 	4.23604837 	4.20899500 	4.20899500 	4.20993434 	4.20993434 	4.20993434 	4.17680196 	4.20775328 	4.16919445 	4.16919445 	4.16919445 	4.15844836 	4.15844836 	4.15844836 	4.11385818 	4.14482757 	4.09470862 	4.09470862 	4.09470862 	4.07311065 	4.07311065 	4.07311065 	4.07311065 	4.04959284 	4.04959284 	3.98946023 	3.98946023 	3.98946023 	3.95961784 	3.95961784 	3.95961784 	3.95961784 	3.92913323 	3.92913323 	3.92913323 	3.86188357 	3.86188357 	3.89856074 	3.82739429 	3.82739429 	3.82739429 	3.82739429 	3.79374962 	3.79374962 	3.79374962 	3.79374962 	3.76157121 	3.76157121 	3.76157121 	3.76157121 	3.68856366 	3.73148908 	3.73148908 	3.65611113 	3.65611113 	3.65611113 	3.70416936 	3.62668417 	3.62668417 	3.62668417 	3.62668417 	3.60087490 	3.60087490 	3.60087490 	3.60087490 	3.57931403 	3.57931403 	3.57931403 	3.57931403 	3.57931403 	3.56258741 	3.56258741 	3.56258741 	3.56258741 	3.49101677 	3.49101677 	3.49101677 	3.49500479 	3.49500479 	3.49500479 	3.49500479 	3.50490672 	3.50490672 	3.50490672 	3.50490672 	3.44188271 	3.52055095 	3.52055095 	3.45600640 	3.45600640 	3.45600640 	3.45600640 	3.47536630 	3.47536630 	
