3.84678771 	3.84679949 	3.84683428 	3.84686888 	3.84697518 	3.84706685 	3.84716599 	3.84728585 	3.84740904 	3.84743098 	3.84755153 	3.84764480 	3.84768159 	3.84768033 	3.84761286 	3.84746433 	3.84738670 	3.84707798 	3.84692608 	3.84611628 	3.84611628 	3.84489119 	3.84368545 	3.84306248 	3.84138675 	3.84048420 	3.84048420 	3.83697321 	3.83697321 	3.83234979 	3.83234979 	3.82635609 	3.82635609 	3.82178940 	3.81885050 	3.81885050 	3.80958965 	3.80958965 	3.80305915 	3.79844789 	3.79844789 	3.78527593 	3.78527593 	3.78527593 	3.76998098 	3.76998098 	3.76035046 	3.75252395 	3.75252395 	3.74194217 	3.73291676 	3.73291676 	3.72146899 	3.71120915 	3.71120915 	3.69899707 	3.68747645 	3.68747645 	3.68747645 	3.66180781 	3.66180781 	3.66180781 	3.63427748 	3.63427748 	3.63427748 	3.60493538 	3.60493538 	3.60493538 	3.60493538 	3.57379724 	3.57379724 	3.57379724 	3.54084242 	3.54084242 	3.54084242 	3.54084242 	3.50602769 	3.50602769 	3.50602769 	3.46931532 	3.46931532 	3.46931532 	3.46931532 	3.43072154 	3.43072154 	3.43072154 	3.43072154 	3.39029450 	3.39029450 	3.39029450 	3.39029450 	3.34820946 	3.34820946 	3.34820946 	3.34820946 	3.30477853 	3.30477853 	3.30477853 	3.30477853 	3.26040546 	3.26040546 	3.26040546 	3.26040546 	3.21574563 	3.21574563 	3.21574563 	3.21574563 	3.17128803 	3.17128803 	3.17128803 	3.17128803 	3.17128803 	3.12787029 	3.12787029 	3.12787029 	3.12787029 	3.08622140 	3.08622140 	3.08622140 	3.08622140 	3.08622140 	3.04711652 	3.04711652 	3.04711652 	3.04711652 	3.01129669 	3.01129669 	3.01129669 	3.01129669 	3.01129669 	2.97945941 	2.97945941 	2.97945941 	2.97945941 	2.97945941 	2.95224442 	2.95224442 	2.95224442 	2.95224442 	2.95224442 	2.93023695 	2.93023695 	2.93023695 	2.93023695 	2.93023695 	2.91396117 	2.91396117 	2.91396117 	2.91396117 	2.91396117 	2.90388749 	2.90388749 	2.90388749 	2.90388749 	2.90388749 	2.90043972 	2.90043972 	2.90043972 	
3.84679949 	3.84681300 	3.84683558 	3.84691200 	3.84699185 	3.84708653 	3.84719633 	3.84731341 	3.84735448 	3.84747890 	3.84759549 	3.84768381 	3.84768212 	3.84770325 	3.84765472 	3.84753450 	3.84733731 	3.84721403 	3.84662690 	3.84639392 	3.84568184 	3.84530524 	3.84425413 	3.84368545 	3.84221083 	3.84138675 	3.83940205 	3.83823811 	3.83562973 	3.83405385 	3.83073234 	3.82863402 	3.82451987 	3.82178940 	3.82178940 	3.81332297 	3.81332297 	3.80736876 	3.80305915 	3.80305915 	3.79087776 	3.79087776 	3.78527593 	3.77665963 	3.77665963 	3.76998098 	3.76035046 	3.76035046 	3.75252395 	3.74194217 	3.74194217 	3.72146899 	3.72146899 	3.72146899 	3.71120915 	3.69899707 	3.69899707 	3.68747645 	3.67460572 	3.67460572 	3.66180781 	3.64837927 	3.64837927 	3.63427748 	3.62038182 	3.62038182 	3.60493538 	3.60493538 	3.59064599 	3.59064599 	3.57379724 	3.55916589 	3.55916589 	3.54084242 	3.54084242 	3.52591466 	3.52591466 	3.50602769 	3.49084806 	3.49084806 	3.46931532 	3.46931532 	3.45394502 	3.45394502 	3.43072154 	3.43072154 	3.41523191 	3.41523191 	3.39029450 	3.39029450 	3.37480289 	3.34820946 	3.34820946 	3.34820946 	3.33289033 	3.30477853 	3.30477853 	3.30477853 	3.28982162 	3.26040546 	3.26040546 	3.26040546 	3.24605366 	3.24605366 	3.21574563 	3.21574563 	3.21574563 	3.20215489 	3.17128803 	3.17128803 	3.17128803 	3.15874882 	3.12787029 	3.12787029 	3.12787029 	3.12787029 	3.08622140 	3.08622140 	3.08622140 	3.08622140 	3.07644682 	3.04711652 	3.04711652 	3.04711652 	3.04711652 	3.01129669 	3.01129669 	3.01129669 	3.01129669 	3.01129669 	2.97945941 	2.97945941 	2.97945941 	2.97945941 	2.97945941 	2.95224442 	2.95224442 	2.95224442 	2.95224442 	2.95224442 	2.93023695 	2.93023695 	2.93023695 	2.93023695 	2.93023695 	2.91396117 	2.91396117 	2.91396117 	2.91396117 	2.91396117 	2.90388749 	2.90388749 	2.90388749 	2.90388749 	2.90388749 	2.90043972 	2.90043972 	2.90043972 	
3.84683428 	3.84683558 	3.84689490 	3.84695142 	3.84703007 	3.84713440 	3.84725723 	3.84728161 	3.84741615 	3.84755258 	3.84768378 	3.84768386 	3.84775287 	3.84779559 	3.84770664 	3.84769506 	3.84744955 	3.84721221 	3.84703016 	3.84633216 	3.84602193 	3.84524243 	3.84477162 	3.84296095 	3.84296095 	3.84045126 	3.83940205 	3.83707811 	3.83562973 	3.83267196 	3.83073234 	3.82702603 	3.82702603 	3.82451987 	3.81998552 	3.81678045 	3.81137996 	3.80736876 	3.80736876 	3.79614213 	3.79614213 	3.79087776 	3.78297859 	3.78297859 	3.77665963 	3.76780542 	3.76035046 	3.76035046 	3.75060124 	3.74194217 	3.73138390 	3.73138390 	3.72146899 	3.71020968 	3.71020968 	3.69899707 	3.69899707 	3.68715372 	3.67460572 	3.67460572 	3.66230464 	3.64837927 	3.64837927 	3.63573603 	3.62038182 	3.62038182 	3.62038182 	3.59064599 	3.59064599 	3.59064599 	3.55916589 	3.55916589 	3.55916589 	3.55916589 	3.52591466 	3.52591466 	3.52591466 	3.49084806 	3.49084806 	3.49084806 	3.49084806 	3.45394502 	3.45394502 	3.45394502 	3.45394502 	3.41523191 	3.41523191 	3.41523191 	3.41523191 	3.37480289 	3.37480289 	3.37480289 	3.33289033 	3.33289033 	3.33289033 	3.33289033 	3.30477853 	3.28982162 	3.28982162 	3.28982162 	3.26040546 	3.24605366 	3.24605366 	3.24605366 	3.24605366 	3.20215489 	3.20215489 	3.20215489 	3.20215489 	3.15874882 	3.15874882 	3.15874882 	3.15874882 	3.12787029 	3.11661144 	3.11661144 	3.11661144 	3.08622140 	3.07644682 	3.07644682 	3.07644682 	3.07644682 	3.04711652 	3.03899481 	3.03899481 	3.03899481 	3.01129669 	3.01129669 	3.00496134 	3.00496134 	3.00496134 	2.97945941 	2.97945941 	2.97500387 	2.97500387 	2.97500387 	2.95224442 	2.94973042 	2.94973042 	2.94973042 	2.94973042 	2.93023695 	2.93023695 	2.92968574 	2.92968574 	2.92968574 	2.91396117 	2.91396117 	2.91536766 	2.91536766 	2.91536766 	2.90388749 	2.90388749 	2.90722210 	2.90722210 	2.90722210 	2.90043972 	2.90043972 	
3.84686888 	3.84691200 	3.84695142 	3.84699880 	3.84709755 	3.84721725 	3.84723357 	3.84737316 	3.84752397 	3.84768241 	3.84768283 	3.84780762 	3.84790150 	3.84783501 	3.84787492 	3.84774351 	3.84751915 	3.84737268 	3.84687222 	3.84661283 	3.84606575 	3.84567295 	3.84427896 	3.84364984 	3.84233670 	3.84142121 	3.83962732 	3.83840625 	3.83607626 	3.83444800 	3.83267196 	3.82934683 	3.82702603 	3.82296988 	3.81998552 	3.81514010 	3.81137996 	3.81137996 	3.80108213 	3.80108213 	3.79614213 	3.78893840 	3.78893840 	3.78297859 	3.77488326 	3.76780542 	3.75887272 	3.75887272 	3.75060124 	3.74091656 	3.73138390 	3.73138390 	3.72105907 	3.71020968 	3.71020968 	3.71020968 	3.68715372 	3.68715372 	3.68715372 	3.66230464 	3.66230464 	3.66230464 	3.63573603 	3.63573603 	3.63573603 	3.62038182 	3.60749899 	3.60749899 	3.59064599 	3.57761218 	3.57761218 	3.55916589 	3.55916589 	3.54605897 	3.54605897 	3.52591466 	3.51280310 	3.51280310 	3.49084806 	3.49084806 	3.47781860 	3.47781860 	3.45394502 	3.45394502 	3.44108259 	3.41523191 	3.41523191 	3.41523191 	3.40265865 	3.37480289 	3.37480289 	3.37480289 	3.36265675 	3.33289033 	3.33289033 	3.33289033 	3.28982162 	3.28982162 	3.28982162 	3.28982162 	3.28982162 	3.24605366 	3.24605366 	3.24605366 	3.24605366 	3.20215489 	3.20215489 	3.20215489 	3.20215489 	3.15874882 	3.15874882 	3.15874882 	3.15874882 	3.11661144 	3.11661144 	3.11661144 	3.11661144 	3.11661144 	3.07644682 	3.07644682 	3.07644682 	3.07644682 	3.03899481 	3.03899481 	3.03899481 	3.03899481 	3.03899481 	3.00496134 	3.00496134 	3.00496134 	3.00496134 	2.97500387 	2.97500387 	2.97500387 	2.97500387 	2.97500387 	2.94973042 	2.94973042 	2.94973042 	2.94973042 	2.94973042 	2.92968574 	2.92968574 	2.92968574 	2.92968574 	2.92968574 	2.91536766 	2.91536766 	2.91536766 	2.91536766 	2.91536766 	2.90722210 	2.90722210 	2.90722210 	2.90722210 	2.90722210 	2.90836549 	2.90836549 	
3.84697518 	3.84699185 	3.84703007 	3.84709755 	3.84720359 	3.84720459 	3.84734443 	3.84750351 	3.84768034 	3.84768069 	3.84783790 	3.84800502 	3.84795828 	3.84805095 	3.84793916 	3.84788558 	3.84777361 	3.84752193 	3.84732523 	3.84675413 	3.84642537 	3.84538000 	3.84485331 	3.84387159 	3.84312427 	3.84075912 	3.84075912 	3.83758273 	3.83607626 	3.83348845 	3.83149740 	3.82934683 	3.82573617 	3.82296988 	3.81863173 	3.81514010 	3.81514010 	3.81003614 	3.80570923 	3.80108213 	3.79455059 	3.79455059 	3.78893840 	3.78157984 	3.77488326 	3.76674530 	3.75887272 	3.75887272 	3.74997594 	3.74091656 	3.74091656 	3.73138390 	3.72105907 	3.72105907 	3.71020968 	3.69937362 	3.69937362 	3.68715372 	3.67594432 	3.67594432 	3.66230464 	3.65085993 	3.65085993 	3.63573603 	3.63573603 	3.62419083 	3.60749899 	3.60749899 	3.59597066 	3.57761218 	3.57761218 	3.57761218 	3.54605897 	3.54605897 	3.54605897 	3.51280310 	3.51280310 	3.51280310 	3.51280310 	3.47781860 	3.47781860 	3.47781860 	3.47781860 	3.44108259 	3.44108259 	3.44108259 	3.41523191 	3.40265865 	3.40265865 	3.40265865 	3.37480289 	3.36265675 	3.36265675 	3.36265675 	3.33289033 	3.32136435 	3.32136435 	3.28982162 	3.28982162 	3.27918524 	3.27918524 	3.24605366 	3.24605366 	3.23645656 	3.23645656 	3.20215489 	3.20215489 	3.20215489 	3.19382068 	3.15874882 	3.15874882 	3.15874882 	3.15874882 	3.15196184 	3.11661144 	3.11661144 	3.11661144 	3.11157085 	3.07644682 	3.07644682 	3.07644682 	3.07644682 	3.03899481 	3.03899481 	3.03899481 	3.03899481 	3.03899481 	3.00496134 	3.00496134 	3.00496134 	3.00496134 	2.97500387 	2.97500387 	2.97500387 	2.97500387 	2.97500387 	2.94973042 	2.94973042 	2.94973042 	2.94973042 	2.94973042 	2.92968574 	2.92968574 	2.92968574 	2.92968574 	2.92968574 	2.91536766 	2.91536766 	2.91536766 	2.91536766 	2.91536766 	2.90722210 	2.90722210 	2.90722210 	2.90722210 	2.90722210 	2.90836549 	2.90836549 	
3.84706685 	3.84708653 	3.84713440 	3.84721725 	3.84720459 	3.84732522 	3.84749163 	3.84767849 	3.84767955 	3.84787494 	3.84807450 	3.84804346 	3.84818378 	3.84814340 	3.84816691 	3.84808177 	3.84802960 	3.84770164 	3.84733206 	3.84705607 	3.84630660 	3.84586336 	3.84519040 	3.84456275 	3.84272629 	3.84178537 	3.84025849 	3.83897489 	3.83758273 	3.83532556 	3.83348845 	3.82830207 	3.82830207 	3.82573617 	3.82188159 	3.81863173 	3.81407880 	3.81003614 	3.81003614 	3.79982553 	3.79982553 	3.79455059 	3.78790166 	3.78157984 	3.77421621 	3.76674530 	3.76674530 	3.75874555 	3.74997594 	3.74997594 	3.74091656 	3.73150467 	3.73150467 	3.72105907 	3.71120228 	3.69937362 	3.69937362 	3.68921848 	3.67594432 	3.67594432 	3.66565277 	3.65085993 	3.65085993 	3.65085993 	3.62419083 	3.62419083 	3.62419083 	3.59597066 	3.59597066 	3.59597066 	3.57761218 	3.56620938 	3.56620938 	3.54605897 	3.53488841 	3.53488841 	3.51280310 	3.51280310 	3.50196288 	3.50196288 	3.47781860 	3.47781860 	3.46741559 	3.44108259 	3.44108259 	3.44108259 	3.40265865 	3.40265865 	3.40265865 	3.40265865 	3.36265675 	3.36265675 	3.36265675 	3.36265675 	3.32136435 	3.32136435 	3.32136435 	3.32136435 	3.27918524 	3.27918524 	3.27918524 	3.27918524 	3.23645656 	3.23645656 	3.23645656 	3.23645656 	3.19382068 	3.19382068 	3.19382068 	3.19382068 	3.15874882 	3.15196184 	3.15196184 	3.15196184 	3.15196184 	3.11157085 	3.11157085 	3.11157085 	3.11157085 	3.07644682 	3.07334922 	3.07334922 	3.07334922 	3.03899481 	3.03899481 	3.03800440 	3.03800440 	3.03800440 	3.00496134 	3.00496134 	3.00621189 	3.00621189 	2.97500387 	2.97500387 	2.97500387 	2.97859350 	2.97859350 	2.94973042 	2.94973042 	2.94973042 	2.94973042 	2.92968574 	2.92968574 	2.92968574 	2.92968574 	2.92968574 	2.91536766 	2.91536766 	2.91536766 	2.91536766 	2.91536766 	2.90722210 	2.90722210 	2.90722210 	2.90722210 	2.90836549 	2.90836549 	2.90836549 	
3.84716599 	3.84719633 	3.84725723 	3.84723357 	3.84734443 	3.84749163 	3.84767746 	3.84767707 	3.84789315 	3.84812642 	3.84810920 	3.84831089 	3.84825350 	3.84843731 	3.84831350 	3.84839619 	3.84815552 	3.84802745 	3.84781575 	3.84742502 	3.84708551 	3.84630150 	3.84577531 	3.84440034 	3.84359740 	3.84144034 	3.84144034 	3.83859136 	3.83702206 	3.83532556 	3.83288273 	3.83067946 	3.82770679 	3.82490112 	3.82188159 	3.81784890 	3.81407880 	3.81407880 	3.80477080 	3.80477080 	3.79982553 	3.79385925 	3.78790166 	3.78128179 	3.77421621 	3.77421621 	3.75874555 	3.75874555 	3.75874555 	3.74997594 	3.74151800 	3.73150467 	3.73150467 	3.72259492 	3.71120228 	3.71120228 	3.68921848 	3.68921848 	3.68921848 	3.66565277 	3.66565277 	3.66565277 	3.65085993 	3.64058789 	3.64058789 	3.62419083 	3.61408276 	3.61408276 	3.59597066 	3.59597066 	3.58617276 	3.56620938 	3.56620938 	3.55685279 	3.53488841 	3.53488841 	3.53488841 	3.50196288 	3.50196288 	3.50196288 	3.50196288 	3.46741559 	3.46741559 	3.46741559 	3.44108259 	3.43124231 	3.43124231 	3.40265865 	3.40265865 	3.39353664 	3.39353664 	3.36265675 	3.36265675 	3.35445295 	3.35445295 	3.32136435 	3.32136435 	3.31424784 	3.27918524 	3.27918524 	3.27918524 	3.27918524 	3.23645656 	3.23645656 	3.23645656 	3.23645656 	3.19382068 	3.19382068 	3.19382068 	3.19382068 	3.15196184 	3.15196184 	3.15196184 	3.15196184 	3.15196184 	3.11157085 	3.11157085 	3.11157085 	3.11157085 	3.07334922 	3.07334922 	3.07334922 	3.07334922 	3.07334922 	3.03800440 	3.03800440 	3.03800440 	3.03800440 	3.00621189 	3.00621189 	3.00621189 	3.00621189 	3.00621189 	2.97859350 	2.97859350 	2.97859350 	2.97859350 	2.97859350 	2.95573407 	2.95573407 	2.95573407 	2.95573407 	2.92968574 	2.93816005 	2.93816005 	2.93816005 	2.93816005 	2.91536766 	2.91536766 	2.92633630 	2.92633630 	2.92633630 	2.90722210 	2.90722210 	2.90722210 	2.90836549 	2.90836549 	2.90836549 	
3.84728585 	3.84731341 	3.84728161 	3.84737316 	3.84750351 	3.84767849 	3.84767707 	3.84789879 	3.84815025 	3.84813470 	3.84839062 	3.84834920 	3.84857963 	3.84848980 	3.84867910 	3.84849812 	3.84855616 	3.84822148 	3.84802681 	3.84773796 	3.84722471 	3.84678787 	3.84581736 	3.84513894 	3.84353271 	3.84253006 	3.84137352 	3.84003858 	3.83859136 	3.83492281 	3.83492281 	3.83030906 	3.82770679 	3.82770679 	3.82136162 	3.82136162 	3.81784890 	3.80940170 	3.80940170 	3.80477080 	3.79946178 	3.79385925 	3.78795587 	3.78128179 	3.78128179 	3.76701970 	3.76701970 	3.75874555 	3.75874555 	3.75108244 	3.74151800 	3.74151800 	3.72259492 	3.72259492 	3.72259492 	3.70206901 	3.70206901 	3.68921848 	3.68003014 	3.68003014 	3.66565277 	3.66565277 	3.65658601 	3.64058789 	3.64058789 	3.61408276 	3.61408276 	3.61408276 	3.61408276 	3.58617276 	3.58617276 	3.58617276 	3.55685279 	3.55685279 	3.55685279 	3.53488841 	3.52609943 	3.52609943 	3.50196288 	3.50196288 	3.49387125 	3.46741559 	3.46741559 	3.46741559 	3.43124231 	3.43124231 	3.43124231 	3.43124231 	3.39353664 	3.39353664 	3.39353664 	3.39353664 	3.35445295 	3.35445295 	3.35445295 	3.35445295 	3.31424784 	3.31424784 	3.31424784 	3.27918524 	3.27331684 	3.27331684 	3.27331684 	3.23645656 	3.23645656 	3.23218266 	3.23218266 	3.19382068 	3.19382068 	3.19134416 	3.19134416 	3.15196184 	3.15196184 	3.15196184 	3.15151869 	3.11157085 	3.11157085 	3.11157085 	3.11157085 	3.07334922 	3.07334922 	3.07334922 	3.07334922 	3.07334922 	3.03800440 	3.03800440 	3.03800440 	3.03800440 	3.00621189 	3.00621189 	3.00621189 	3.00621189 	3.00621189 	2.97859350 	2.97859350 	2.97859350 	2.97859350 	2.97859350 	2.95573407 	2.95573407 	2.95573407 	2.95573407 	2.93816005 	2.93816005 	2.93816005 	2.93816005 	2.93816005 	2.92633630 	2.92633630 	2.92633630 	2.92633630 	2.92633630 	2.92664114 	2.92664114 	2.92664114 	2.92664114 	2.90836549 	2.90836549 	
3.84740904 	3.84735448 	3.84741615 	3.84752397 	3.84768034 	3.84767955 	3.84789315 	3.84815025 	3.84815263 	3.84843922 	3.84842612 	3.84869635 	3.84864906 	3.84888660 	3.84875469 	3.84895369 	3.84870014 	3.84873988 	3.84852199 	3.84800637 	3.84763355 	3.84700953 	3.84643993 	3.84530304 	3.84445553 	3.84353271 	3.84260200 	3.84137352 	3.83855095 	3.83680876 	3.83492281 	3.83272556 	3.83030906 	3.82463182 	3.82463182 	3.82136162 	3.81777202 	3.81373080 	3.80940170 	3.80471555 	3.79946178 	3.79424495 	3.78795587 	3.78795587 	3.77486055 	3.77486055 	3.76701970 	3.76018643 	3.75108244 	3.75108244 	3.75108244 	3.73352772 	3.73352772 	3.72259492 	3.71444346 	3.71444346 	3.70206901 	3.69393263 	3.68003014 	3.68003014 	3.68003014 	3.65658601 	3.65658601 	3.65658601 	3.63181923 	3.63181923 	3.61408276 	3.61408276 	3.60578220 	3.58617276 	3.58617276 	3.57850114 	3.55685279 	3.55685279 	3.55685279 	3.52609943 	3.52609943 	3.52609943 	3.52609943 	3.49387125 	3.49387125 	3.49387125 	3.46741559 	3.46015298 	3.46015298 	3.43124231 	3.43124231 	3.42499537 	3.42499537 	3.39353664 	3.39353664 	3.38846980 	3.35445295 	3.35445295 	3.35445295 	3.35445295 	3.31424784 	3.31424784 	3.31424784 	3.31424784 	3.27331684 	3.27331684 	3.27331684 	3.27331684 	3.23218266 	3.23218266 	3.23218266 	3.23218266 	3.19134416 	3.19134416 	3.19134416 	3.19134416 	3.15151869 	3.15151869 	3.15151869 	3.15151869 	3.11157085 	3.11334280 	3.11334280 	3.11334280 	3.07334922 	3.07334922 	3.07753158 	3.07753158 	3.03800440 	3.03800440 	3.03800440 	3.04475375 	3.04475375 	3.00621189 	3.00621189 	3.00621189 	3.00621189 	2.97859350 	2.97859350 	2.97859350 	2.97859350 	2.97859350 	2.95573407 	2.95573407 	2.95573407 	2.95573407 	2.93816005 	2.93816005 	2.93816005 	2.93816005 	2.93816005 	2.92633630 	2.92633630 	2.92633630 	2.92633630 	2.92633630 	2.92664114 	2.92664114 	2.92664114 	2.92664114 	2.93177532 	2.93177532 	
3.84743098 	3.84747890 	3.84755258 	3.84768241 	3.84768069 	3.84787494 	3.84812642 	3.84813470 	3.84843922 	3.84844357 	3.84876267 	3.84874240 	3.84905673 	3.84899449 	3.84923559 	3.84905982 	3.84926503 	3.84893616 	3.84893717 	3.84865688 	3.84800660 	3.84753141 	3.84679062 	3.84608009 	3.84530304 	3.84373255 	3.84260200 	3.84164050 	3.84015925 	3.83702753 	3.83496084 	3.83272556 	3.83049128 	3.82767076 	3.82463182 	3.82153873 	3.81777202 	3.81777202 	3.80963578 	3.80471555 	3.80015052 	3.79424495 	3.79424495 	3.78227458 	3.78227458 	3.77486055 	3.77486055 	3.76018643 	3.76018643 	3.75108244 	3.74397630 	3.74397630 	3.73352772 	3.72631794 	3.71444346 	3.71444346 	3.69393263 	3.69393263 	3.69393263 	3.68003014 	3.67210889 	3.67210889 	3.65658601 	3.64907648 	3.63181923 	3.63181923 	3.63181923 	3.60578220 	3.60578220 	3.60578220 	3.57850114 	3.57850114 	3.57850114 	3.55685279 	3.54996314 	3.54996314 	3.52609943 	3.52609943 	3.52014648 	3.49387125 	3.49387125 	3.49387125 	3.46015298 	3.46015298 	3.46015298 	3.46015298 	3.42499537 	3.42499537 	3.42499537 	3.42499537 	3.38846980 	3.38846980 	3.38846980 	3.35445295 	3.35075734 	3.35075734 	3.35075734 	3.31424784 	3.31214036 	3.31214036 	3.27331684 	3.27331684 	3.27331684 	3.27302248 	3.23218266 	3.23218266 	3.23218266 	3.23218266 	3.19134416 	3.19134416 	3.19134416 	3.19134416 	3.15151869 	3.15151869 	3.15151869 	3.15151869 	3.11334280 	3.11334280 	3.11334280 	3.11334280 	3.11334280 	3.07753158 	3.07753158 	3.07753158 	3.07753158 	3.04475375 	3.04475375 	3.04475375 	3.04475375 	3.04475375 	3.01565983 	3.01565983 	3.01565983 	3.01565983 	2.97859350 	2.97859350 	2.99086167 	2.99086167 	2.95573407 	2.95573407 	2.95573407 	2.97092033 	2.97092033 	2.93816005 	2.93816005 	2.93816005 	2.93816005 	2.92633630 	2.92633630 	2.92633630 	2.92633630 	2.92633630 	2.92664114 	2.92664114 	2.92664114 	2.92664114 	2.93177532 	2.93177532 	
3.84755153 	3.84759549 	3.84768378 	3.84768283 	3.84783790 	3.84807450 	3.84810920 	3.84839062 	3.84842612 	3.84876267 	3.84877119 	3.84912458 	3.84908780 	3.84942117 	3.84930235 	3.84962900 	3.84940255 	3.84941580 	3.84918939 	3.84918459 	3.84883074 	3.84803196 	3.84744058 	3.84679062 	3.84572259 	3.84477092 	3.84300319 	3.84164050 	3.84069120 	3.83893376 	3.83702753 	3.83310726 	3.83310726 	3.83049128 	3.82504359 	3.82504359 	3.82153873 	3.81423576 	3.81423576 	3.80568944 	3.80568944 	3.80015052 	3.78927279 	3.78927279 	3.78227458 	3.78227458 	3.76882220 	3.76882220 	3.76018643 	3.75392963 	3.74397630 	3.74397630 	3.73766711 	3.72631794 	3.72631794 	3.70731663 	3.70731663 	3.69393263 	3.69393263 	3.68709602 	3.67210889 	3.67210889 	3.64907648 	3.64907648 	3.64907648 	3.63181923 	3.62491360 	3.62491360 	3.60578220 	3.59967418 	3.59967418 	3.57850114 	3.57850114 	3.57337176 	3.54996314 	3.54996314 	3.54996314 	3.52014648 	3.52014648 	3.52014648 	3.49387125 	3.48902433 	3.48902433 	3.46015298 	3.46015298 	3.45660539 	3.45660539 	3.42499537 	3.42499537 	3.42290526 	3.38846980 	3.38846980 	3.38846980 	3.35075734 	3.35075734 	3.35075734 	3.35075734 	3.31214036 	3.31214036 	3.31214036 	3.31214036 	3.27302248 	3.27302248 	3.27302248 	3.27302248 	3.23218266 	3.23395607 	3.23395607 	3.23395607 	3.19134416 	3.19134416 	3.19541059 	3.15151869 	3.15151869 	3.15151869 	3.15151869 	3.11334280 	3.11334280 	3.11334280 	3.11334280 	3.11334280 	3.07753158 	3.07753158 	3.07753158 	3.07753158 	3.04475375 	3.04475375 	3.04475375 	3.04475375 	3.04475375 	3.01565983 	3.01565983 	3.01565983 	3.01565983 	2.99086167 	2.99086167 	2.99086167 	2.99086167 	2.99086167 	2.97092033 	2.97092033 	2.97092033 	2.97092033 	2.97092033 	2.95634722 	2.95634722 	2.95634722 	2.95634722 	2.92633630 	2.92633630 	2.92633630 	2.92664114 	2.92664114 	2.92664114 	2.92664114 	2.92664114 	2.93177532 	2.93177532 	
3.84764480 	3.84768381 	3.84768386 	3.84780762 	3.84800502 	3.84804346 	3.84831089 	3.84834920 	3.84869635 	3.84874240 	3.84912458 	3.84913680 	3.84952649 	3.84949714 	3.84979718 	3.84972098 	3.84994869 	3.84979138 	3.84978209 	3.84950105 	3.84905164 	3.84856685 	3.84810390 	3.84738430 	3.84659156 	3.84539777 	3.84425294 	3.84230561 	3.84069120 	3.84069120 	3.83775463 	3.83552436 	3.83310726 	3.83131721 	3.82829870 	3.82504359 	3.82252326 	3.81852742 	3.81087106 	3.81087106 	3.80568944 	3.79585223 	3.79585223 	3.78927279 	3.78927279 	3.77699971 	3.77699971 	3.76882220 	3.76337857 	3.75392963 	3.75392963 	3.73766711 	3.73766711 	3.73766711 	3.72014733 	3.72014733 	3.70731663 	3.70731663 	3.68709602 	3.68709602 	3.68709602 	3.66577773 	3.66577773 	3.64907648 	3.64907648 	3.64346774 	3.62491360 	3.62491360 	3.62023831 	3.59967418 	3.59967418 	3.59967418 	3.57337176 	3.57337176 	3.57337176 	3.54996314 	3.54599565 	3.52014648 	3.52014648 	3.52014648 	3.48902433 	3.48902433 	3.48902433 	3.48902433 	3.45660539 	3.45660539 	3.45660539 	3.45660539 	3.42290526 	3.42290526 	3.42290526 	3.38846980 	3.38804406 	3.38804406 	3.35075734 	3.35075734 	3.35075734 	3.35221546 	3.31214036 	3.31214036 	3.31214036 	3.27302248 	3.27302248 	3.27302248 	3.27302248 	3.23395607 	3.23395607 	3.23395607 	3.23395607 	3.19541059 	3.19541059 	3.19541059 	3.19541059 	3.15151869 	3.15808533 	3.15808533 	3.15808533 	3.11334280 	3.11334280 	3.12261651 	3.12261651 	3.07753158 	3.07753158 	3.07753158 	3.08969069 	3.04475375 	3.04475375 	3.04475375 	3.04475375 	3.04475375 	3.01565983 	3.01565983 	3.01565983 	3.01565983 	2.99086167 	2.99086167 	2.99086167 	2.99086167 	2.99086167 	2.97092033 	2.97092033 	2.97092033 	2.97092033 	2.97092033 	2.95634722 	2.95634722 	2.95634722 	2.95634722 	2.95616005 	2.95616005 	2.95616005 	2.95616005 	2.92664114 	2.92664114 	2.92664114 	2.93177532 	2.93177532 	2.93177532 	
3.84768159 	3.84768212 	3.84775287 	3.84790150 	3.84795828 	3.84818378 	3.84825350 	3.84857963 	3.84864906 	3.84905673 	3.84908780 	3.84952649 	3.84954482 	3.84994350 	3.84990916 	3.85028301 	3.85008183 	3.85043545 	3.85003295 	3.85021416 	3.84987137 	3.84933530 	3.84875297 	3.84810390 	3.84738792 	3.84644062 	3.84513814 	3.84378553 	3.84230561 	3.83980721 	3.83980721 	3.83775463 	3.83410883 	3.83131721 	3.83131721 	3.82623251 	3.82252326 	3.81570785 	3.81570785 	3.81087106 	3.80780511 	3.80202623 	3.79585223 	3.79585223 	3.78471953 	3.78471953 	3.77699971 	3.77232431 	3.76337857 	3.76337857 	3.74847541 	3.74847541 	3.73766711 	3.73240025 	3.72014733 	3.72014733 	3.72014733 	3.70149946 	3.70149946 	3.68709602 	3.68186240 	3.68186240 	3.66577773 	3.66577773 	3.64346774 	3.64346774 	3.64346774 	3.62023831 	3.62023831 	3.62023831 	3.59967418 	3.59615979 	3.57337176 	3.57337176 	3.57337176 	3.54599565 	3.54599565 	3.54599565 	3.52014648 	3.51754668 	3.51754668 	3.48902433 	3.48902433 	3.49517366 	3.45660539 	3.45660539 	3.45660539 	3.45731312 	3.42290526 	3.42290526 	3.42290526 	3.38804406 	3.38804406 	3.38804406 	3.38804406 	3.35221546 	3.35221546 	3.35221546 	3.35221546 	3.31214036 	3.31569914 	3.31569914 	3.27302248 	3.27302248 	3.27897470 	3.27897470 	3.23395607 	3.23395607 	3.23395607 	3.19541059 	3.19541059 	3.19541059 	3.19541059 	3.19541059 	3.15808533 	3.15808533 	3.15808533 	3.15808533 	3.12261651 	3.12261651 	3.12261651 	3.12261651 	3.08969069 	3.08969069 	3.08969069 	3.08969069 	3.04475375 	3.05996708 	3.05996708 	3.05996708 	3.01565983 	3.01565983 	3.01565983 	3.03407446 	3.03407446 	2.99086167 	2.99086167 	2.99086167 	2.99086167 	2.97092033 	2.97092033 	2.97092033 	2.97092033 	2.97092033 	2.95634722 	2.95634722 	2.95634722 	2.95634722 	2.95616005 	2.95616005 	2.95616005 	2.95616005 	2.96095152 	2.96095152 	2.96095152 	2.96095152 	2.93177532 	2.93177532 	
3.84768033 	3.84770325 	3.84779559 	3.84783501 	3.84805095 	3.84814340 	3.84843731 	3.84848980 	3.84888660 	3.84899449 	3.84942117 	3.84949714 	3.84994350 	3.84997079 	3.85043081 	3.85035287 	3.85071738 	3.85059112 	3.85076736 	3.85051197 	3.85021416 	3.84985335 	3.84933530 	3.84901431 	3.84824449 	3.84738792 	3.84636859 	3.84513814 	3.84341618 	3.84169230 	3.83980721 	3.83668127 	3.83668127 	3.83410883 	3.82967375 	3.82623251 	3.82623251 	3.82021189 	3.81570785 	3.81319948 	3.80780511 	3.80780511 	3.80202623 	3.79198450 	3.79198450 	3.78471953 	3.78076670 	3.77232431 	3.77232431 	3.75873896 	3.75873896 	3.74847541 	3.74406099 	3.73240025 	3.73240025 	3.72014733 	3.71528583 	3.71528583 	3.70149946 	3.69728536 	3.68186240 	3.68186240 	3.68186240 	3.66136597 	3.66136597 	3.64346774 	3.64011998 	3.62023831 	3.62023831 	3.62023831 	3.59615979 	3.59615979 	3.59615979 	3.57337176 	3.57121117 	3.57121117 	3.54599565 	3.54599565 	3.54545960 	3.51754668 	3.51754668 	3.51754668 	3.49517366 	3.49517366 	3.49517366 	3.45660539 	3.45731312 	3.45731312 	3.45731312 	3.42290526 	3.42612670 	3.42612670 	3.38804406 	3.38804406 	3.38804406 	3.35221546 	3.35221546 	3.35221546 	3.35221546 	3.31569914 	3.31569914 	3.31569914 	3.31569914 	3.27897470 	3.27897470 	3.27897470 	3.27897470 	3.23395607 	3.24244530 	3.24244530 	3.19541059 	3.19541059 	3.19541059 	3.20674150 	3.15808533 	3.15808533 	3.15808533 	3.15808533 	3.12261651 	3.12261651 	3.12261651 	3.12261651 	3.08969069 	3.08969069 	3.08969069 	3.08969069 	3.08969069 	3.05996708 	3.05996708 	3.05996708 	3.05996708 	3.03407446 	3.03407446 	3.03407446 	3.03407446 	3.03407446 	3.01261595 	3.01261595 	3.01261595 	3.01261595 	2.97092033 	2.97092033 	2.99614538 	2.99614538 	2.95634722 	2.95634722 	2.95634722 	2.95634722 	2.95616005 	2.95616005 	2.95616005 	2.95616005 	2.96095152 	2.96095152 	2.96095152 	2.96095152 	2.97041651 	2.97041651 	
3.84761286 	3.84765472 	3.84770664 	3.84787492 	3.84793916 	3.84816691 	3.84831350 	3.84867910 	3.84875469 	3.84923559 	3.84930235 	3.84979718 	3.84990916 	3.85043081 	3.85044136 	3.85092576 	3.85081525 	3.85115408 	3.85098074 	3.85076736 	3.85071581 	3.85031373 	3.85030879 	3.84970260 	3.84901431 	3.84848060 	3.84748032 	3.84641205 	3.84498944 	3.84341618 	3.84121213 	3.83904655 	3.83668127 	3.83285408 	3.83285408 	3.82826622 	3.82439449 	3.82439449 	3.81821966 	3.81319948 	3.81319948 	3.80517893 	3.79880063 	3.79880063 	3.79198450 	3.78871503 	3.78076670 	3.78076670 	3.76844522 	3.76844522 	3.75873896 	3.75511966 	3.74406099 	3.74406099 	3.73240025 	3.72843489 	3.71528583 	3.71528583 	3.69728536 	3.69728536 	3.69728536 	3.68186240 	3.67854797 	3.66136597 	3.66136597 	3.64011998 	3.64011998 	3.64011998 	3.62023831 	3.61820031 	3.61820031 	3.59615979 	3.59615979 	3.59564842 	3.57121117 	3.57121117 	3.57121117 	3.54545960 	3.54545960 	3.54545960 	3.51754668 	3.51882282 	3.51882282 	3.49517366 	3.49517366 	3.49128988 	3.45731312 	3.45731312 	3.45731312 	3.42612670 	3.42612670 	3.42612670 	3.42612670 	3.39290680 	3.39290680 	3.39290680 	3.35221546 	3.35221546 	3.35950883 	3.31569914 	3.31569914 	3.31569914 	3.31569914 	3.27897470 	3.27897470 	3.27897470 	3.27897470 	3.24244530 	3.24244530 	3.24244530 	3.24244530 	3.20674150 	3.20674150 	3.20674150 	3.20674150 	3.15808533 	3.17242724 	3.17242724 	3.17242724 	3.12261651 	3.12261651 	3.14018332 	3.08969069 	3.08969069 	3.08969069 	3.08969069 	3.05996708 	3.05996708 	3.05996708 	3.05996708 	3.05996708 	3.03407446 	3.03407446 	3.03407446 	3.03407446 	3.03407446 	3.01261595 	3.01261595 	3.01261595 	3.01261595 	2.99614538 	2.99614538 	2.99614538 	2.99614538 	2.99614538 	2.99582255 	2.99582255 	2.99582255 	2.95616005 	2.95616005 	2.95616005 	2.95616005 	2.96095152 	2.96095152 	2.96095152 	2.96095152 	2.97041651 	2.97041651 	
3.84746433 	3.84753450 	3.84769506 	3.84774351 	3.84788558 	3.84808177 	3.84839619 	3.84849812 	3.84895369 	3.84905982 	3.84962900 	3.84972098 	3.85028301 	3.85035287 	3.85092576 	3.85093960 	3.85144018 	3.85138286 	3.85115408 	3.85158004 	3.85105896 	3.85129163 	3.85083759 	3.85016298 	3.84937340 	3.84848060 	3.84769334 	3.84641205 	3.84641205 	3.84319043 	3.84319043 	3.84121213 	3.83846575 	3.83578170 	3.83183996 	3.83183996 	3.82826622 	3.82287691 	3.81821966 	3.81821966 	3.81112880 	3.81112880 	3.80517893 	3.79880063 	3.79616750 	3.78871503 	3.78871503 	3.77760247 	3.77760247 	3.76844522 	3.75511966 	3.75511966 	3.75511966 	3.74406099 	3.74092488 	3.72843489 	3.72843489 	3.71201332 	3.71201332 	3.69728536 	3.69728536 	3.67854797 	3.67854797 	3.67854797 	3.65921305 	3.65921305 	3.64011998 	3.64011998 	3.63939501 	3.61820031 	3.61820031 	3.61820031 	3.59564842 	3.59564842 	3.59564842 	3.57121117 	3.57254803 	3.54545960 	3.54545960 	3.54545960 	3.51882282 	3.51882282 	3.51882282 	3.51882282 	3.49128988 	3.49128988 	3.49128988 	3.45731312 	3.46288193 	3.46288193 	3.42612670 	3.42612670 	3.42612670 	3.39290680 	3.39290680 	3.39290680 	3.39290680 	3.35950883 	3.35950883 	3.35950883 	3.31569914 	3.32562102 	3.32562102 	3.32562102 	3.27897470 	3.27897470 	3.29185191 	3.24244530 	3.24244530 	3.24244530 	3.24244530 	3.20674150 	3.20674150 	3.20674150 	3.20674150 	3.17242724 	3.17242724 	3.17242724 	3.17242724 	3.14018332 	3.14018332 	3.14018332 	3.14018332 	3.08969069 	3.11066512 	3.11066512 	3.11066512 	3.05996708 	3.05996708 	3.05996708 	3.08453178 	3.03407446 	3.03407446 	3.03407446 	3.03407446 	3.03407446 	3.01261595 	3.01261595 	3.01261595 	3.01261595 	2.99614538 	2.99614538 	2.99614538 	2.99614538 	2.99614538 	2.99582255 	2.99582255 	2.99582255 	2.99582255 	2.95616005 	2.95616005 	2.96095152 	2.96095152 	2.96095152 	2.96095152 	2.96095152 	2.97041651 	2.97041651 	
3.84738670 	3.84733731 	3.84744955 	3.84751915 	3.84777361 	3.84802960 	3.84815552 	3.84855616 	3.84870014 	3.84926503 	3.84940255 	3.84994869 	3.85008183 	3.85071738 	3.85081525 	3.85144018 	3.85145919 	3.85144018 	3.85188492 	3.85176072 	3.85198121 	3.85167155 	3.85144116 	3.85085111 	3.85016298 	3.84984555 	3.84883512 	3.84769334 	3.84660074 	3.84498401 	3.84319043 	3.84091656 	3.84091656 	3.83846575 	3.83512482 	3.83183996 	3.82718070 	3.82718070 	3.82287691 	3.81665984 	3.81665984 	3.81112880 	3.81112880 	3.80313347 	3.79616750 	3.79616750 	3.78621421 	3.78621421 	3.77760247 	3.76556891 	3.76556891 	3.75511966 	3.75511966 	3.74092488 	3.74092488 	3.74092488 	3.72602187 	3.72602187 	3.71201332 	3.71201332 	3.69496883 	3.69496883 	3.67854797 	3.67746561 	3.67746561 	3.65921305 	3.65921305 	3.63939501 	3.63939501 	3.63939501 	3.61820031 	3.61915161 	3.59564842 	3.59564842 	3.59564842 	3.57254803 	3.57254803 	3.57254803 	3.54545960 	3.54882887 	3.54882887 	3.51882282 	3.51882282 	3.52448979 	3.49128988 	3.49128988 	3.49128988 	3.46288193 	3.46288193 	3.46288193 	3.46288193 	3.43365927 	3.43365927 	3.43365927 	3.39290680 	3.39290680 	3.40375283 	3.35950883 	3.35950883 	3.35950883 	3.32562102 	3.32562102 	3.32562102 	3.32562102 	3.29185191 	3.29185191 	3.29185191 	3.29185191 	3.24244530 	3.25851888 	3.25851888 	3.25851888 	3.20674150 	3.20674150 	3.20674150 	3.17242724 	3.17242724 	3.17242724 	3.17242724 	3.14018332 	3.14018332 	3.14018332 	3.14018332 	3.14018332 	3.11066512 	3.11066512 	3.11066512 	3.11066512 	3.08453178 	3.08453178 	3.08453178 	3.08453178 	3.03407446 	3.03407446 	3.06240213 	3.06240213 	3.01261595 	3.01261595 	3.01261595 	3.01261595 	2.99614538 	2.99614538 	2.99614538 	2.99614538 	2.99582255 	2.99582255 	2.99582255 	2.99582255 	2.99582255 	3.00054559 	3.00054559 	3.00054559 	2.96095152 	2.96095152 	2.96095152 	2.97041651 	2.97041651 	2.97041651 	
3.84707798 	3.84721403 	3.84721221 	3.84737268 	3.84752193 	3.84770164 	3.84802745 	3.84822148 	3.84873988 	3.84893616 	3.84941580 	3.84979138 	3.85043545 	3.85059112 	3.85115408 	3.85138286 	3.85144018 	3.85199121 	3.85196607 	3.85239035 	3.85221999 	3.85234018 	3.85193761 	3.85144116 	3.85148554 	3.85072765 	3.84984555 	3.84931597 	3.84804195 	3.84660074 	3.84515773 	3.84315647 	3.84085606 	3.83812570 	3.83812570 	3.83512482 	3.83114424 	3.82718070 	3.82718070 	3.82178149 	3.81665984 	3.81665984 	3.80962267 	3.80313347 	3.80313347 	3.79427851 	3.79427851 	3.78621421 	3.77541129 	3.77541129 	3.76556891 	3.76556891 	3.75274651 	3.75274651 	3.74092488 	3.73929485 	3.72602187 	3.72602187 	3.72602187 	3.71059753 	3.71059753 	3.69496883 	3.69482130 	3.67746561 	3.67746561 	3.67746561 	3.65964396 	3.65964396 	3.63939501 	3.63939501 	3.61915161 	3.61915161 	3.61915161 	3.59564842 	3.59863347 	3.59863347 	3.57254803 	3.57254803 	3.54882887 	3.54882887 	3.54882887 	3.54882887 	3.52448979 	3.52448979 	3.52448979 	3.49128988 	3.49952293 	3.49952293 	3.46288193 	3.46288193 	3.46288193 	3.43365927 	3.43365927 	3.43365927 	3.40375283 	3.40375283 	3.40375283 	3.40375283 	3.35950883 	3.37337033 	3.37337033 	3.32562102 	3.32562102 	3.32562102 	3.29185191 	3.29185191 	3.29185191 	3.29185191 	3.25851888 	3.25851888 	3.25851888 	3.25851888 	3.25851888 	3.22613290 	3.22613290 	3.22613290 	3.17242724 	3.17242724 	3.19541611 	3.19541611 	3.14018332 	3.14018332 	3.14018332 	3.11066512 	3.11066512 	3.11066512 	3.11066512 	3.11066512 	3.08453178 	3.08453178 	3.08453178 	3.08453178 	3.08453178 	3.06240213 	3.06240213 	3.06240213 	3.06240213 	3.04486691 	3.04486691 	3.04486691 	3.04486691 	2.99614538 	2.99614538 	2.99614538 	2.99582255 	2.99582255 	2.99582255 	2.99582255 	3.00054559 	3.00054559 	3.00054559 	3.00054559 	3.00054559 	3.01012226 	3.01012226 	3.01012226 	2.97041651 	2.97041651 	
3.84692608 	3.84662690 	3.84703016 	3.84687222 	3.84732523 	3.84733206 	3.84781575 	3.84802681 	3.84852199 	3.84893717 	3.84918939 	3.84978209 	3.85003295 	3.85076736 	3.85098074 	3.85115408 	3.85188492 	3.85196607 	3.85251573 	3.85249211 	3.85287368 	3.85265210 	3.85234018 	3.85212182 	3.85212182 	3.85148554 	3.85043222 	3.84931597 	3.84931597 	3.84695573 	3.84695573 	3.84515773 	3.84334150 	3.84085606 	3.83808230 	3.83477688 	3.83477688 	3.83114424 	3.82650367 	3.82178149 	3.82178149 	3.81564236 	3.80962267 	3.80962267 	3.80180357 	3.80180357 	3.79427851 	3.78464874 	3.78464874 	3.77541129 	3.77541129 	3.76389290 	3.76389290 	3.75274651 	3.75182268 	3.73929485 	3.73929485 	3.72602187 	3.72541040 	3.71059753 	3.71059753 	3.69482130 	3.69482130 	3.69482130 	3.67746561 	3.67892179 	3.65964396 	3.65964396 	3.65964396 	3.64162191 	3.64162191 	3.61915161 	3.61915161 	3.59863347 	3.59863347 	3.59863347 	3.59863347 	3.57777896 	3.57777896 	3.54882887 	3.54882887 	3.55660515 	3.52448979 	3.52448979 	3.52448979 	3.49952293 	3.49952293 	3.49952293 	3.49952293 	3.47394926 	3.47394926 	3.43365927 	3.43365927 	3.43365927 	3.40375283 	3.40375283 	3.40375283 	3.40375283 	3.37337033 	3.37337033 	3.37337033 	3.37337033 	3.34290448 	3.34290448 	3.34290448 	3.29185191 	3.29185191 	3.29185191 	3.25851888 	3.25851888 	3.25851888 	3.25851888 	3.22613290 	3.22613290 	3.22613290 	3.22613290 	3.22613290 	3.19541611 	3.19541611 	3.19541611 	3.19541611 	3.16696684 	3.16696684 	3.16696684 	3.11066512 	3.11066512 	3.11066512 	3.14145528 	3.08453178 	3.08453178 	3.08453178 	3.08453178 	3.06240213 	3.06240213 	3.06240213 	3.06240213 	3.06240213 	3.04486691 	3.04486691 	3.04486691 	3.04486691 	3.04486691 	3.04463416 	3.04463416 	3.04463416 	2.99582255 	2.99582255 	2.99582255 	3.00054559 	3.00054559 	3.00054559 	3.00054559 	3.01012226 	3.01012226 	3.01012226 	3.01012226 	3.02434020 	3.02434020 	
3.84611628 	3.84639392 	3.84633216 	3.84661283 	3.84675413 	3.84705607 	3.84742502 	3.84773796 	3.84800637 	3.84865688 	3.84918459 	3.84950105 	3.85021416 	3.85051197 	3.85076736 	3.85158004 	3.85176072 	3.85239035 	3.85249211 	3.85305100 	3.85300648 	3.85287368 	3.85303889 	3.85263917 	3.85212182 	3.85219725 	3.85139242 	3.85043222 	3.84993828 	3.84854715 	3.84749660 	3.84553575 	3.84334150 	3.84107137 	3.84107137 	3.83808230 	3.83479260 	3.83083770 	3.83083770 	3.82650367 	3.82120159 	3.82120159 	3.81564236 	3.80879610 	3.80879610 	3.80180357 	3.79328036 	3.79328036 	3.78464874 	3.78464874 	3.77436661 	3.77436661 	3.76389290 	3.75182268 	3.75182268 	3.75182268 	3.73929485 	3.72541040 	3.72541040 	3.72541040 	3.71129545 	3.71129545 	3.69482130 	3.69482130 	3.67892179 	3.67892179 	3.67892179 	3.65964396 	3.66297897 	3.64162191 	3.64162191 	3.64162191 	3.62357564 	3.62357564 	3.59863347 	3.59863347 	3.60547538 	3.57777896 	3.57777896 	3.57777896 	3.55660515 	3.55660515 	3.55660515 	3.52448979 	3.53510642 	3.53510642 	3.49952293 	3.49952293 	3.49952293 	3.47394926 	3.47394926 	3.47394926 	3.44783693 	3.44783693 	3.44783693 	3.40375283 	3.40375283 	3.42132079 	3.37337033 	3.37337033 	3.37337033 	3.37337033 	3.34290448 	3.34290448 	3.34290448 	3.34290448 	3.31239902 	3.31239902 	3.31239902 	3.25851888 	3.25851888 	3.28289999 	3.28289999 	3.22613290 	3.22613290 	3.22613290 	3.19541611 	3.19541611 	3.19541611 	3.19541611 	3.19541611 	3.16696684 	3.16696684 	3.16696684 	3.16696684 	3.14145528 	3.14145528 	3.14145528 	3.14145528 	3.08453178 	3.08453178 	3.11952042 	3.11952042 	3.06240213 	3.06240213 	3.06240213 	3.06240213 	3.04486691 	3.04486691 	3.04486691 	3.04486691 	3.04463416 	3.04463416 	3.04463416 	3.04463416 	3.04959513 	3.04959513 	3.04959513 	3.00054559 	3.00054559 	3.00054559 	3.00054559 	3.01012226 	3.01012226 	3.01012226 	3.01012226 	3.02434020 	3.02434020 	
3.84611628 	3.84568184 	3.84602193 	3.84606575 	3.84642537 	3.84630660 	3.84708551 	3.84722471 	3.84763355 	3.84800660 	3.84883074 	3.84905164 	3.84987137 	3.85021416 	3.85071581 	3.85105896 	3.85198121 	3.85221999 	3.85287368 	3.85300648 	3.85305100 	3.85349417 	3.85332383 	3.85303889 	3.85335983 	3.85285193 	3.85219725 	3.85113550 	3.85113550 	3.84921034 	3.84921034 	3.84749660 	3.84553575 	3.84376938 	3.84107137 	3.83837154 	3.83479260 	3.83479260 	3.83083770 	3.82631038 	3.82631038 	3.82120159 	3.81526438 	3.81526438 	3.80879610 	3.80131243 	3.80131243 	3.79328036 	3.79328036 	3.78416559 	3.78416559 	3.77436661 	3.76359452 	3.76359452 	3.75182268 	3.75182268 	3.73939096 	3.73939096 	3.72541040 	3.72682126 	3.71129545 	3.71129545 	3.71129545 	3.69715955 	3.69715955 	3.67892179 	3.67892179 	3.66297897 	3.66297897 	3.66297897 	3.64162191 	3.64725614 	3.62357564 	3.62357564 	3.62357564 	3.60547538 	3.60547538 	3.60547538 	3.57777896 	3.58737921 	3.55660515 	3.55660515 	3.55660515 	3.53510642 	3.53510642 	3.53510642 	3.53510642 	3.51329207 	3.51329207 	3.47394926 	3.47394926 	3.47394926 	3.44783693 	3.44783693 	3.44783693 	3.44783693 	3.42132079 	3.42132079 	3.42132079 	3.37337033 	3.37337033 	3.39456175 	3.34290448 	3.34290448 	3.34290448 	3.34290448 	3.31239902 	3.31239902 	3.31239902 	3.31239902 	3.28289999 	3.28289999 	3.28289999 	3.28289999 	3.22613290 	3.25456529 	3.25456529 	3.19541611 	3.19541611 	3.19541611 	3.22809305 	3.16696684 	3.16696684 	3.16696684 	3.16696684 	3.14145528 	3.14145528 	3.14145528 	3.14145528 	3.11952042 	3.11952042 	3.11952042 	3.11952042 	3.11952042 	3.10178305 	3.10178305 	3.10178305 	3.10178305 	3.04486691 	3.04486691 	3.04486691 	3.04463416 	3.04463416 	3.04463416 	3.04463416 	3.04959513 	3.04959513 	3.04959513 	3.04959513 	3.00054559 	3.05958348 	3.05958348 	3.01012226 	3.01012226 	3.01012226 	3.01012226 	3.02434020 	3.02434020 	
