-22.3844	-16.1899	-15.0733	-14.66	-14.4944	-14.4218	-14.3872	-14.369	-14.3579	-14.3494	-14.3416	-14.3332	-14.3237	-14.3128	-14.3003	-14.286	-14.27	-14.2521	-14.2322	-14.2104	-14.1864	-14.1602	-14.1316	-14.1004	-14.0664	-14.0294	-13.9891	-13.9452	-13.8973	-13.845	-13.7877	-13.725	-13.656	-13.5802	-13.4966	-13.4043	-13.3023	-13.1892	-13.0638	-12.9243	-12.7691	-12.5962	-12.4037	-12.1893	-11.951	-11.6866	-11.3945	-11.0734	-10.7232	-10.3454	-9.94384	-9.52552	-9.10177	-8.68845	-8.30325	-7.95153	-7.5691	-6.8463	-6.86658	-8.89496	-3.84139	-4.1935	-4.39136	-4.56911	-4.73447	-4.87993	-5.00125	-5.09803	-5.17194	-5.22581	-5.26262	-5.28535	-5.29673	-5.29897	-5.2941	-5.28368	-5.26896	-5.25104	-5.23071	-5.20864	-5.18539	-5.16116	-5.13632	-5.11109	-5.08561	-5.06005	-5.03434	-5.00854	-4.98269	-4.95685	-4.93082	-4.90456	-4.87838	-4.85184	-4.82508	-4.79798	-4.7705	-4.74259	-4.71423	-4.68541	-4.65613	-4.62664	-4.59668	-4.56662	-4.53675	-4.50748	-4.47942	-4.45347	-4.43084	-4.41336	-4.40368	-4.40519	-4.42371	-4.46837	-4.55551	-4.71957	-5.05097	-5.84046	
-16.1899	-22.8204	-16.4483	-15.1949	-14.6947	-14.4728	-14.362	-14.3007	-14.2633	-14.2383	-14.2198	-14.2046	-14.1911	-14.1781	-14.165	-14.1514	-14.1369	-14.1214	-14.1047	-14.0865	-14.0667	-14.0453	-14.022	-13.9965	-13.9689	-13.9386	-13.9057	-13.8696	-13.8301	-13.7867	-13.7391	-13.6867	-13.6287	-13.5647	-13.4936	-13.4148	-13.3271	-13.2292	-13.1199	-12.9976	-12.8606	-12.7069	-12.5344	-12.3409	-12.124	-11.8814	-11.611	-11.311	-10.9808	-10.6207	-10.2336	-9.82511	-9.40481	-8.98664	-8.58618	-8.20709	-7.78513	-7.00112	-6.95895	-8.46992	-9.10894	-3.46577	-3.62856	-3.78125	-3.92807	-4.06121	-4.17611	-4.27178	-4.34907	-4.40998	-4.45662	-4.49122	-4.51583	-4.53216	-4.54179	-4.54597	-4.5457	-4.54188	-4.53521	-4.52626	-4.51554	-4.50322	-4.48968	-4.47512	-4.45969	-4.44361	-4.42678	-4.40931	-4.39125	-4.37269	-4.35346	-4.33354	-4.31323	-4.29211	-4.27033	-4.24779	-4.22446	-4.20028	-4.17523	-4.14929	-4.12245	-4.0949	-4.06638	-4.03718	-4.00749	-3.97762	-3.948	-3.91928	-3.89233	-3.86844	-3.84956	-3.83802	-3.83817	-3.8572	-3.90917	-4.02613	-4.2825	-5.05097	
-15.0733	-16.4483	-23.0628	-16.6198	-15.3156	-14.7812	-14.5358	-14.4084	-14.335	-14.2888	-14.2572	-14.2338	-14.215	-14.1989	-14.184	-14.1697	-14.1554	-14.1406	-14.1251	-14.1086	-14.0909	-14.0718	-14.0511	-14.0287	-14.0042	-13.9775	-13.9483	-13.9163	-13.8812	-13.8425	-13.7998	-13.7527	-13.7004	-13.6423	-13.5777	-13.5056	-13.425	-13.3347	-13.2334	-13.1195	-12.9912	-12.8466	-12.6835	-12.4996	-12.2923	-12.0593	-11.7981	-11.5067	-11.184	-10.8298	-10.4464	-10.0386	-9.61522	-9.18923	-8.77577	-8.37914	-7.93359	-7.14032	-7.05098	-8.25349	-8.80326	-9.80387	-3.24159	-3.39678	-3.54214	-3.67406	-3.78957	-3.88795	-3.9699	-4.03702	-4.09104	-4.13382	-4.16711	-4.19233	-4.21089	-4.22386	-4.23216	-4.2366	-4.23783	-4.23639	-4.23277	-4.22716	-4.21991	-4.21125	-4.20134	-4.19039	-4.17835	-4.16532	-4.15137	-4.13661	-4.12088	-4.10416	-4.08677	-4.0683	-4.0489	-4.02849	-4.00702	-3.98446	-3.96077	-3.93594	-3.90994	-3.88296	-3.85471	-3.82546	-3.79533	-3.76457	-3.7335	-3.70257	-3.67243	-3.644	-3.6187	-3.59825	-3.58643	-3.59039	-3.62587	-3.71642	-4.02613	-4.71957	
-14.66	-15.1949	-16.6198	-23.1873	-16.7173	-15.3916	-14.8418	-14.5852	-14.4496	-14.37	-14.3191	-14.2839	-14.2577	-14.2368	-14.219	-14.2029	-14.1877	-14.1726	-14.1573	-14.1413	-14.1245	-14.1066	-14.0873	-14.0664	-14.0437	-14.019	-13.9919	-13.9622	-13.9295	-13.8934	-13.8535	-13.8094	-13.7603	-13.7056	-13.6445	-13.5762	-13.4996	-13.4135	-13.3166	-13.2072	-13.0837	-12.944	-12.786	-12.6071	-12.4049	-12.1768	-11.9202	-11.633	-11.3136	-10.9618	-10.5794	-10.1707	-9.74415	-9.31261	-8.89158	-8.4852	-8.03922	-7.23603	-7.11453	-8.12675	-8.63133	-9.59913	-10.1058	-3.16762	-3.32091	-3.45601	-3.57383	-3.67498	-3.76044	-3.83177	-3.89055	-3.93845	-3.97706	-4.00768	-4.0316	-4.04982	-4.06318	-4.07248	-4.07834	-4.08126	-4.08174	-4.07997	-4.0763	-4.07097	-4.06415	-4.05605	-4.04661	-4.03597	-4.02421	-4.01142	-3.99746	-3.98233	-3.96633	-3.94909	-3.93073	-3.91118	-3.89042	-3.8684	-3.84509	-3.82047	-3.79453	-3.76743	-3.73889	-3.70913	-3.67826	-3.64643	-3.61388	-3.5809	-3.54788	-3.51543	-3.48459	-3.45693	-3.43682	-3.4342	-3.45824	-3.62587	-3.90917	-4.55551	
-14.4944	-14.6947	-15.3156	-16.7173	-23.2579	-16.7772	-15.4412	-14.8836	-14.6209	-14.4806	-14.3975	-14.3437	-14.3061	-14.2781	-14.2557	-14.2366	-14.2195	-14.2033	-14.1875	-14.1714	-14.1548	-14.1373	-14.1186	-14.0986	-14.0769	-14.0532	-14.0274	-13.999	-13.9678	-13.9333	-13.8951	-13.8528	-13.8056	-13.7529	-13.694	-13.628	-13.5538	-13.4703	-13.376	-13.2694	-13.1487	-13.0119	-12.8567	-12.6808	-12.4815	-12.2561	-12.0021	-11.717	-11.3993	-11.0484	-10.666	-10.2562	-9.82723	-9.39226	-8.9667	-8.56075	-8.11299	-7.30203	-7.1584	-8.04723	-8.52515	-9.47739	-9.97108	-10.4001	-3.17484	-3.31779	-3.43947	-3.54346	-3.63171	-3.70605	-3.76805	-3.81934	-3.86141	-3.89549	-3.92283	-3.94437	-3.96092	-3.97325	-3.98197	-3.98758	-3.99057	-3.99111	-3.98959	-3.98622	-3.98119	-3.97471	-3.96674	-3.95741	-3.94679	-3.935	-3.9219	-3.90749	-3.89208	-3.87529	-3.85725	-3.83791	-3.81723	-3.79517	-3.77172	-3.74685	-3.72055	-3.69297	-3.66382	-3.63331	-3.60148	-3.56842	-3.53422	-3.499	-3.46288	-3.4262	-3.38997	-3.35658	-3.33354	-3.32477	-3.4342	-3.59039	-3.8572	-4.46837	
-14.4218	-14.4728	-14.7812	-15.3916	-16.7771	-23.3024	-16.8179	-15.4766	-14.9145	-14.6482	-14.505	-14.4194	-14.3636	-14.3244	-14.295	-14.2713	-14.2512	-14.2331	-14.2159	-14.1992	-14.1822	-14.1646	-14.1462	-14.1264	-14.1052	-14.0821	-14.057	-14.0295	-13.9991	-13.9656	-13.9285	-13.8873	-13.8414	-13.79	-13.7324	-13.6678	-13.5952	-13.5132	-13.4206	-13.3156	-13.1967	-13.0617	-12.9083	-12.7341	-12.5365	-12.3127	-12.06	-11.7761	-11.4591	-11.1085	-10.7257	-10.3148	-9.88428	-9.44705	-9.02201	-8.61565	-8.16619	-7.34932	-7.19031	-7.99597	-8.45676	-9.40018	-9.88887	-10.3104	-10.7409	-3.22127	-3.34956	-3.45705	-3.54788	-3.62459	-3.68894	-3.74261	-3.78706	-3.8235	-3.85312	-3.87686	-3.89552	-3.90983	-3.9204	-3.92771	-3.93228	-3.93427	-3.93405	-3.93185	-3.92786	-3.92229	-3.91511	-3.90644	-3.89636	-3.88501	-3.87222	-3.85802	-3.84271	-3.82591	-3.80778	-3.78824	-3.76727	-3.74485	-3.72095	-3.69555	-3.66864	-3.64036	-3.61041	-3.57894	-3.54595	-3.51141	-3.47523	-3.43728	-3.39749	-3.35618	-3.31531	-3.28051	-3.25347	-3.33354	-3.43682	-3.58643	-3.83817	-4.42371	
-14.3872	-14.362	-14.5358	-14.8418	-15.4412	-16.8179	-23.3327	-16.8478	-15.5035	-14.9386	-14.67	-14.5247	-14.4374	-14.3801	-14.3396	-14.3089	-14.2842	-14.263	-14.2438	-14.2257	-14.2079	-14.1898	-14.1711	-14.1513	-14.1302	-14.1074	-14.0827	-14.0556	-14.0258	-13.9929	-13.9564	-13.9159	-13.8707	-13.8202	-13.7635	-13.6998	-13.6281	-13.5471	-13.4555	-13.3516	-13.2338	-13.0998	-12.9476	-12.7744	-12.5778	-12.3549	-12.1029	-11.8195	-11.5027	-11.1521	-10.7687	-10.357	-9.92529	-9.48857	-9.06349	-8.6566	-8.20567	-7.38437	-7.21458	-7.96283	-8.41208	-9.35002	-9.83631	-10.2553	-10.6811	-11.1105	-3.28492	-3.3976	-3.49129	-3.57009	-3.6363	-3.69173	-3.73789	-3.77598	-3.80719	-3.83243	-3.8525	-3.86813	-3.8799	-3.88832	-3.89388	-3.89675	-3.8973	-3.89576	-3.89233	-3.88722	-3.88038	-3.87196	-3.86204	-3.85074	-3.83792	-3.82359	-3.80807	-3.79097	-3.77245	-3.75246	-3.73098	-3.70797	-3.68342	-3.65732	-3.62963	-3.6005	-3.56957	-3.53695	-3.50252	-3.46609	-3.42735	-3.38597	-3.3419	-3.29645	-3.25485	-3.21701	-3.28051	-3.35658	-3.45693	-3.59825	-3.83802	-4.40519	
-14.369	-14.3007	-14.4084	-14.5852	-14.8836	-15.4766	-16.8478	-23.3538	-16.8706	-15.5246	-14.9579	-14.6875	-14.5407	-14.452	-14.3935	-14.3518	-14.32	-14.2942	-14.2719	-14.2516	-14.2324	-14.2134	-14.1941	-14.174	-14.1527	-14.1299	-14.1052	-14.0783	-14.0487	-14.0162	-13.9801	-13.94	-13.8953	-13.8452	-13.7891	-13.726	-13.6549	-13.5745	-13.4835	-13.3803	-13.2631	-13.1298	-12.9781	-12.8056	-12.6095	-12.387	-12.1354	-11.8521	-11.5353	-11.1843	-10.8005	-10.3882	-9.95689	-9.52027	-9.095	-8.68756	-8.23547	-7.41087	-7.2335	-7.94176	-8.38308	-9.31748	-9.8024	-10.2204	-10.6448	-11.0712	-11.4849	-3.35423	-3.4518	-3.53278	-3.60058	-3.65738	-3.7048	-3.74408	-3.77639	-3.80267	-3.82368	-3.84017	-3.85272	-3.86182	-3.86796	-3.87133	-3.87229	-3.87107	-3.86786	-3.86289	-3.8561	-3.84764	-3.83759	-3.82608	-3.81298	-3.79829	-3.78232	-3.76472	-3.74563	-3.72501	-3.70284	-3.67909	-3.65376	-3.62682	-3.59823	-3.56808	-3.53599	-3.50194	-3.46566	-3.42674	-3.38466	-3.33917	-3.29118	-3.24534	-3.20116	-3.25485	-3.31531	-3.38997	-3.48459	-3.6187	-3.84956	-4.40368	
-14.3579	-14.2633	-14.335	-14.4496	-14.6209	-14.9145	-15.5035	-16.8706	-23.3687	-16.888	-15.541	-14.9731	-14.7014	-14.5533	-14.4634	-14.4038	-14.361	-14.3281	-14.3011	-14.2777	-14.2563	-14.2358	-14.2155	-14.1946	-14.1729	-14.1498	-14.125	-14.0981	-14.0686	-14.0361	-14.0002	-13.9603	-13.9159	-13.8661	-13.8103	-13.7475	-13.6767	-13.5967	-13.5061	-13.4033	-13.2864	-13.1535	-13.0021	-12.8299	-12.634	-12.4117	-12.1601	-11.8767	-11.5597	-11.2084	-10.8242	-10.4122	-9.9811	-9.54444	-9.1189	-8.711	-8.25802	-7.43097	-7.24833	-7.92893	-8.36477	-9.29684	-9.78091	-10.1984	-10.6223	-11.0479	-11.4598	-11.8461	-3.42278	-3.50651	-3.57588	-3.63381	-3.68217	-3.72229	-3.75536	-3.78232	-3.80394	-3.82096	-3.83396	-3.84344	-3.84988	-3.85346	-3.85455	-3.85339	-3.85016	-3.84507	-3.8381	-3.82939	-3.81901	-3.80709	-3.79351	-3.77828	-3.7617	-3.74344	-3.72363	-3.70225	-3.67927	-3.65468	-3.62846	-3.60056	-3.57092	-3.53958	-3.50604	-3.47014	-3.43138	-3.38916	-3.34304	-3.29372	-3.24551	-3.1973	-3.24534	-3.29645	-3.35618	-3.4262	-3.51543	-3.644	-3.86844	-4.41336	
-14.3494	-14.2383	-14.2888	-14.37	-14.4806	-14.6482	-14.9386	-15.5246	-16.8879	-23.3777	-16.9007	-15.5534	-14.9845	-14.7117	-14.5626	-14.4716	-14.4108	-14.3669	-14.3329	-14.3048	-14.2802	-14.2575	-14.2356	-14.2137	-14.1912	-14.1676	-14.1424	-14.1152	-14.0856	-14.0531	-14.0172	-13.9774	-13.933	-13.8833	-13.8276	-13.765	-13.6944	-13.6146	-13.5241	-13.4215	-13.3048	-13.172	-13.0207	-12.8486	-12.6527	-12.4304	-12.1787	-11.8951	-11.5778	-11.2262	-10.8423	-10.4305	-9.99935	-9.56256	-9.13677	-8.72848	-8.27484	-7.44602	-7.2598	-7.92177	-8.35387	-9.28442	-9.76791	-10.1851	-10.6088	-11.0342	-11.4456	-11.8307	-12.1826	-3.48721	-3.5584	-3.61737	-3.66646	-3.70717	-3.74074	-3.76812	-3.7901	-3.80741	-3.82062	-3.83024	-3.83675	-3.84033	-3.84135	-3.84005	-3.8366	-3.83123	-3.82391	-3.81476	-3.80389	-3.79141	-3.77721	-3.7613	-3.744	-3.72495	-3.70433	-3.68209	-3.65821	-3.63269	-3.60547	-3.5765	-3.54565	-3.51284	-3.47744	-3.43906	-3.39701	-3.35076	-3.30086	-3.25141	-3.20094	-3.24551	-3.29118	-3.3419	-3.39749	-3.46288	-3.54788	-3.67243	-3.89233	-4.43084	
-14.3416	-14.2198	-14.2572	-14.3191	-14.3975	-14.505	-14.67	-14.9579	-15.541	-16.9007	-23.3818	-16.9094	-15.5619	-14.9923	-14.7186	-14.5684	-14.4764	-14.4145	-14.3695	-14.3343	-14.305	-14.279	-14.2549	-14.2314	-14.2077	-14.1833	-14.1576	-14.13	-14.1	-14.0673	-14.0313	-13.9914	-13.947	-13.8973	-13.8416	-13.779	-13.7084	-13.6286	-13.5382	-13.4356	-13.3189	-13.1861	-13.0349	-12.8626	-12.6667	-12.4441	-12.1922	-11.9084	-11.5909	-11.2395	-10.8557	-10.4438	-10.0126	-9.57569	-9.14968	-8.74109	-8.28698	-7.45693	-7.26842	-7.91861	-8.34823	-9.2778	-9.76087	-10.1778	-10.6013	-11.0266	-11.4379	-11.8227	-12.1739	-12.4885	-3.54553	-3.60558	-3.65527	-3.69637	-3.73023	-3.75782	-3.77995	-3.79734	-3.81057	-3.82015	-3.82655	-3.82996	-3.83074	-3.82912	-3.82531	-3.8195	-3.81167	-3.80196	-3.79047	-3.7773	-3.76236	-3.74567	-3.72753	-3.70762	-3.68609	-3.66291	-3.63806	-3.61151	-3.58319	-3.55298	-3.52063	-3.48594	-3.44805	-3.40637	-3.36029	-3.31027	-3.26027	-3.2086	-3.25141	-3.29372	-3.33917	-3.38597	-3.43728	-3.499	-3.5809	-3.70257	-3.91928	-4.45347	
-14.3332	-14.2046	-14.2338	-14.2839	-14.3437	-14.4194	-14.5247	-14.6875	-14.9731	-15.5534	-16.9094	-23.3814	-16.9141	-15.5668	-14.9966	-14.722	-14.5709	-14.4778	-14.4148	-14.3686	-14.3322	-14.3015	-14.2741	-14.2483	-14.223	-14.1974	-14.1708	-14.1425	-14.1122	-14.0791	-14.0428	-14.0027	-13.9581	-13.9083	-13.8525	-13.7898	-13.7192	-13.6393	-13.5488	-13.4461	-13.3294	-13.1964	-13.0451	-12.8727	-12.6765	-12.4537	-12.2016	-11.9175	-11.6001	-11.2487	-10.8649	-10.453	-10.0217	-9.58458	-9.15838	-8.74958	-8.29516	-7.4643	-7.27451	-7.91822	-8.34634	-9.2753	-9.75803	-10.1748	-10.5981	-11.0232	-11.4343	-11.819	-12.1699	-12.484	-12.7612	-3.59676	-3.64695	-3.68827	-3.72224	-3.74987	-3.77197	-3.78927	-3.80236	-3.81174	-3.81788	-3.82096	-3.82136	-3.81931	-3.81498	-3.80861	-3.80016	-3.78977	-3.77753	-3.76358	-3.74781	-3.73024	-3.71119	-3.69034	-3.66783	-3.64365	-3.61775	-3.59006	-3.56047	-3.52874	-3.4945	-3.45729	-3.41608	-3.37034	-3.32048	-3.27038	-3.21818	-3.26027	-3.30086	-3.34304	-3.38466	-3.42735	-3.47523	-3.53422	-3.61388	-3.7335	-3.948	-4.47942	
-14.3237	-14.1911	-14.215	-14.2577	-14.3061	-14.3636	-14.4374	-14.5407	-14.7014	-14.9845	-15.5619	-16.9141	-23.3766	-16.9151	-15.5681	-14.9974	-14.722	-14.5699	-14.4758	-14.4116	-14.3642	-14.3264	-14.2942	-14.2651	-14.2375	-14.2102	-14.1824	-14.1532	-14.1222	-14.0886	-14.0519	-14.0114	-13.9666	-13.9166	-13.8606	-13.7977	-13.7269	-13.6469	-13.5563	-13.4534	-13.3365	-13.2034	-13.0518	-12.8791	-12.6827	-12.4597	-12.2072	-11.9232	-11.6058	-11.2544	-10.8704	-10.4585	-10.027	-9.58979	-9.16345	-8.7545	-8.2999	-7.46862	-7.27834	-7.91977	-8.34713	-9.27573	-9.75816	-10.1747	-10.5977	-11.0227	-11.4336	-11.818	-12.1686	-12.4824	-12.7592	-13.0005	-3.64046	-3.68182	-3.71572	-3.74322	-3.76513	-3.7822	-3.79501	-3.80405	-3.80979	-3.81243	-3.81232	-3.8097	-3.80476	-3.79771	-3.78852	-3.77735	-3.76429	-3.74946	-3.73278	-3.71427	-3.69423	-3.67238	-3.64884	-3.62357	-3.59651	-3.56753	-3.5364	-3.50275	-3.46596	-3.42541	-3.38012	-3.33058	-3.28064	-3.22834	-3.27038	-3.31027	-3.35076	-3.38916	-3.42674	-3.46609	-3.51141	-3.56842	-3.64643	-3.76457	-3.97762	-4.50748	
-14.3128	-14.1781	-14.1989	-14.2368	-14.2781	-14.3244	-14.3801	-14.452	-14.5533	-14.7117	-14.9923	-15.5668	-16.9151	-23.3675	-16.9124	-15.5659	-14.9947	-14.7186	-14.5655	-14.4702	-14.4048	-14.356	-14.3167	-14.2828	-14.2519	-14.2223	-14.1928	-14.1624	-14.1304	-14.096	-14.0588	-14.0179	-13.9727	-13.9223	-13.8661	-13.803	-13.7319	-13.6517	-13.5609	-13.4578	-13.3406	-13.2072	-13.0554	-12.8825	-12.6858	-12.4624	-12.2099	-11.9258	-11.6083	-11.2568	-10.8728	-10.4606	-10.0291	-9.59175	-9.16531	-8.75629	-8.30162	-7.47023	-7.28012	-7.92269	-8.34986	-9.27827	-9.76041	-10.1766	-10.5994	-11.0241	-11.4347	-11.8187	-12.169	-12.4824	-12.7588	-12.9997	-13.2078	-3.6764	-3.70998	-3.73716	-3.75873	-3.77543	-3.78782	-3.7964	-3.80163	-3.8037	-3.80298	-3.79969	-3.79403	-3.7862	-3.77619	-3.76415	-3.75018	-3.7344	-3.71674	-3.69722	-3.67615	-3.65323	-3.62858	-3.60213	-3.57375	-3.54321	-3.51014	-3.47392	-3.43376	-3.3891	-3.33998	-3.29036	-3.23821	-3.28064	-3.32048	-3.36029	-3.39701	-3.43138	-3.46566	-3.50252	-3.54595	-3.60148	-3.67826	-3.79533	-4.00749	-4.53675	
-14.3003	-14.165	-14.184	-14.219	-14.2557	-14.295	-14.3396	-14.3935	-14.4635	-14.5626	-14.7186	-14.9966	-15.5681	-16.9124	-23.3541	-16.906	-15.5602	-14.9887	-14.7117	-14.5575	-14.4611	-14.3943	-14.344	-14.303	-14.2674	-14.2344	-14.2025	-14.1704	-14.1371	-14.1018	-14.0638	-14.0223	-13.9766	-13.9258	-13.8692	-13.8058	-13.7345	-13.6539	-13.5628	-13.4594	-13.342	-13.2083	-13.0562	-12.8829	-12.6859	-12.4625	-12.2099	-11.9256	-11.6079	-11.2563	-10.8721	-10.4599	-10.0282	-9.59078	-9.16429	-8.75525	-8.30063	-7.46941	-7.28	-7.92654	-8.35399	-9.28232	-9.76416	-10.18	-10.6025	-11.0267	-11.4369	-11.8205	-12.1703	-12.4832	-12.7591	-12.9995	-13.2072	-13.385	-3.70466	-3.73123	-3.75228	-3.76846	-3.78031	-3.78831	-3.79292	-3.79432	-3.79288	-3.78882	-3.78234	-3.77365	-3.76274	-3.74976	-3.73481	-3.71802	-3.69932	-3.67875	-3.65659	-3.63254	-3.60668	-3.57889	-3.54893	-3.51642	-3.48076	-3.44113	-3.39684	-3.34831	-3.2991	-3.24726	-3.29036	-3.33058	-3.37034	-3.40637	-3.43906	-3.47014	-3.50194	-3.53695	-3.57894	-3.63331	-3.70913	-3.82546	-4.03718	-4.56662	
-14.286	-14.1514	-14.1697	-14.2029	-14.2366	-14.2713	-14.3089	-14.3518	-14.4038	-14.4716	-14.5684	-14.722	-14.9974	-15.5659	-16.906	-23.3364	-16.8961	-15.551	-14.9791	-14.7013	-14.5461	-14.4483	-14.3801	-14.3281	-14.2853	-14.2475	-14.2123	-14.1778	-14.1428	-14.1062	-14.0671	-14.0248	-13.9785	-13.9272	-13.8701	-13.8063	-13.7346	-13.6538	-13.5623	-13.4586	-13.3408	-13.2068	-13.0543	-12.8808	-12.6836	-12.46	-12.2072	-11.9228	-11.6049	-11.2531	-10.8688	-10.4564	-10.0247	-9.58716	-9.16064	-8.75164	-8.29715	-7.46636	-7.27813	-7.93103	-8.35914	-9.28745	-9.76896	-10.1845	-10.6065	-11.0303	-11.4399	-11.823	-12.1721	-12.4844	-12.7596	-12.9994	-13.2064	-13.3838	-13.5344	-3.72528	-3.7455	-3.76097	-3.77214	-3.77944	-3.78332	-3.78395	-3.7817	-3.77679	-3.76941	-3.75978	-3.74789	-3.7339	-3.71791	-3.70006	-3.68028	-3.6586	-3.63528	-3.61	-3.58278	-3.55339	-3.52143	-3.4863	-3.4472	-3.40341	-3.35522	-3.3066	-3.25515	-3.2991	-3.33998	-3.38012	-3.41608	-3.44805	-3.47744	-3.50604	-3.53599	-3.56957	-3.61041	-3.66382	-3.73889	-3.85471	-4.06638	-4.59668	
-14.27	-14.1369	-14.1554	-14.1877	-14.2195	-14.2512	-14.2842	-14.32	-14.361	-14.4108	-14.4764	-14.5709	-14.722	-14.9947	-15.5602	-16.8961	-23.3143	-16.8825	-15.5383	-14.9661	-14.6874	-14.531	-14.4317	-14.3619	-14.3081	-14.2632	-14.2232	-14.1853	-14.1479	-14.1095	-14.0691	-14.0258	-13.9787	-13.9267	-13.8691	-13.8048	-13.7326	-13.6514	-13.5595	-13.4555	-13.3373	-13.2029	-13.0501	-12.8763	-12.6789	-12.4551	-12.2021	-11.9174	-11.5994	-11.2474	-10.8629	-10.4504	-10.0186	-9.58105	-9.15456	-8.74564	-8.29138	-7.46124	-7.27459	-7.93594	-8.36502	-9.29334	-9.77449	-10.1895	-10.611	-11.0343	-11.4433	-11.8256	-12.1741	-12.4856	-12.76	-12.999	-13.2052	-13.3818	-13.5319	-13.6585	-3.73833	-3.75277	-3.76307	-3.76954	-3.77258	-3.77235	-3.76919	-3.76334	-3.75499	-3.74435	-3.73142	-3.71637	-3.6993	-3.68034	-3.65942	-3.63657	-3.612	-3.58533	-3.55649	-3.52507	-3.49047	-3.45188	-3.40857	-3.36085	-3.31256	-3.26167	-3.3066	-3.34831	-3.3891	-3.42541	-3.45729	-3.48594	-3.51284	-3.53958	-3.56808	-3.6005	-3.64036	-3.69297	-3.76743	-3.88296	-4.0949	-4.62664	
-14.2521	-14.1214	-14.1406	-14.1726	-14.2033	-14.2331	-14.263	-14.2942	-14.3281	-14.3669	-14.4145	-14.4778	-14.5699	-14.7186	-14.9887	-15.551	-16.8825	-23.288	-16.8653	-15.522	-14.9495	-14.6698	-14.5121	-14.4113	-14.3397	-14.2838	-14.2366	-14.194	-14.1531	-14.1124	-14.0702	-14.0255	-13.9773	-13.9245	-13.8662	-13.8013	-13.7286	-13.6469	-13.5546	-13.4501	-13.3315	-13.1968	-13.0437	-12.8697	-12.672	-12.4479	-12.1946	-11.9098	-11.5915	-11.2393	-10.8547	-10.4421	-10.0102	-9.57261	-9.14617	-8.7374	-8.28345	-7.45417	-7.26946	-7.94112	-8.37142	-9.29977	-9.78049	-10.195	-10.6159	-11.0385	-11.4468	-11.8283	-12.1759	-12.4865	-12.76	-12.998	-13.2033	-13.379	-13.5282	-13.6541	-13.7593	-3.74382	-3.75293	-3.75839	-3.76045	-3.75925	-3.75511	-3.74824	-3.73884	-3.72713	-3.71311	-3.69693	-3.67873	-3.65861	-3.63649	-3.61236	-3.58638	-3.55807	-3.52718	-3.49309	-3.45499	-3.41214	-3.36487	-3.31704	-3.26645	-3.31256	-3.35522	-3.39684	-3.43376	-3.46596	-3.4945	-3.52063	-3.54565	-3.57092	-3.59823	-3.62963	-3.66864	-3.72055	-3.79453	-3.90994	-4.12245	-4.65613	
-14.2322	-14.1047	-14.1251	-14.1573	-14.1875	-14.2159	-14.2438	-14.2719	-14.3011	-14.3329	-14.3695	-14.4148	-14.4758	-14.5655	-14.7117	-14.9791	-15.5383	-16.8653	-23.2568	-16.8442	-15.5021	-14.9292	-14.6485	-14.4893	-14.3867	-14.3131	-14.2549	-14.2051	-14.1595	-14.1154	-14.0708	-14.0243	-13.9747	-13.9209	-13.8617	-13.796	-13.7227	-13.6404	-13.5476	-13.4427	-13.3237	-13.1886	-13.0352	-12.8608	-12.6629	-12.4385	-12.1849	-11.8998	-11.5813	-11.2289	-10.8441	-10.4314	-9.99945	-9.56193	-9.13559	-8.72701	-8.27344	-7.44523	-7.26278	-7.94643	-8.37819	-9.30653	-9.78678	-10.2007	-10.6209	-11.0427	-11.4501	-11.8308	-12.1774	-12.487	-12.7594	-12.9964	-13.2006	-13.3751	-13.5233	-13.6482	-13.7527	-13.839	-3.74191	-3.74603	-3.74696	-3.74468	-3.73946	-3.7315	-3.72099	-3.70815	-3.69299	-3.67566	-3.65627	-3.63493	-3.61153	-3.58597	-3.55832	-3.52793	-3.49435	-3.45672	-3.41433	-3.36749	-3.3201	-3.26995	-3.31704	-3.36085	-3.40341	-3.44113	-3.47392	-3.50275	-3.52874	-3.55298	-3.5765	-3.60056	-3.62682	-3.65732	-3.69555	-3.74685	-3.82047	-3.93594	-4.14929	-4.68541	
-14.2104	-14.0865	-14.1086	-14.1413	-14.1714	-14.1992	-14.2257	-14.2516	-14.2777	-14.3048	-14.3343	-14.3686	-14.4116	-14.4702	-14.5575	-14.7013	-14.9661	-15.522	-16.8442	-23.2207	-16.8192	-15.4783	-14.9049	-14.6231	-14.4623	-14.3578	-14.2819	-14.2212	-14.1684	-14.1195	-14.0715	-14.0226	-13.9712	-13.9159	-13.8556	-13.7891	-13.715	-13.6321	-13.5387	-13.4332	-13.3138	-13.1783	-13.0245	-12.8499	-12.6516	-12.4268	-12.173	-11.8876	-11.5688	-11.2162	-10.8313	-10.4185	-9.98652	-9.54906	-9.12286	-8.71451	-8.26141	-7.43447	-7.25459	-7.95178	-8.3852	-9.3135	-9.7932	-10.2065	-10.6259	-11.0468	-11.4533	-11.8329	-12.1784	-12.4868	-12.758	-12.9938	-13.1968	-13.3702	-13.5171	-13.6408	-13.7441	-13.8296	-13.8994	-3.73252	-3.732	-3.72847	-3.72206	-3.71294	-3.70126	-3.68724	-3.6709	-3.65236	-3.63173	-3.60907	-3.58422	-3.55697	-3.52722	-3.4941	-3.45694	-3.41499	-3.36857	-3.3216	-3.27186	-3.3201	-3.36487	-3.40857	-3.4472	-3.48076	-3.51014	-3.5364	-3.56047	-3.58319	-3.60547	-3.62846	-3.65376	-3.68342	-3.72095	-3.77172	-3.84509	-3.96077	-4.17523	-4.71423	
-14.1864	-14.0667	-14.0909	-14.1245	-14.1548	-14.1822	-14.2079	-14.2324	-14.2563	-14.2802	-14.305	-14.3322	-14.3642	-14.4048	-14.4611	-14.5461	-14.6874	-14.9495	-15.5021	-16.8192	-23.1793	-16.7901	-15.4504	-14.8766	-14.5935	-14.4309	-14.3243	-14.2458	-14.1821	-14.1261	-14.0733	-14.021	-13.9671	-13.91	-13.8483	-13.7806	-13.7057	-13.6219	-13.5279	-13.4218	-13.3019	-13.1661	-13.0119	-12.8368	-12.6381	-12.413	-12.1589	-11.8731	-11.5541	-11.2013	-10.8162	-10.4034	-9.97141	-9.53404	-9.10801	-8.69995	-8.24737	-7.4219	-7.24489	-7.9571	-8.39234	-9.32055	-9.79963	-10.2121	-10.6307	-11.0506	-11.456	-11.8344	-12.1787	-12.4858	-12.7558	-12.9902	-13.1919	-13.3639	-13.5095	-13.6318	-13.7338	-13.8181	-13.8868	-13.9418	-3.71567	-3.7106	-3.70286	-3.69248	-3.67957	-3.66433	-3.64674	-3.62693	-3.60495	-3.58082	-3.55425	-3.52488	-3.49237	-3.45564	-3.41411	-3.36808	-3.32153	-3.27218	-3.3216	-3.36749	-3.41214	-3.45188	-3.4863	-3.51642	-3.54321	-3.56753	-3.59006	-3.61151	-3.63269	-3.65468	-3.67909	-3.70797	-3.74485	-3.79517	-3.8684	-3.98446	-4.20028	-4.74259	
-14.1602	-14.0453	-14.0718	-14.1066	-14.1373	-14.1647	-14.1898	-14.2134	-14.2358	-14.2575	-14.279	-14.3015	-14.3264	-14.356	-14.3943	-14.4483	-14.531	-14.6698	-14.9292	-15.4783	-16.7901	-23.1324	-16.7565	-15.4183	-14.844	-14.5594	-14.3948	-14.2857	-14.2043	-14.1373	-14.0775	-14.0203	-13.9631	-13.9035	-13.8399	-13.7708	-13.6947	-13.61	-13.5153	-13.4086	-13.2881	-13.1518	-12.9971	-12.8215	-12.6225	-12.397	-12.1425	-11.8565	-11.5372	-11.1842	-10.799	-10.386	-9.95409	-9.51684	-9.09103	-8.6833	-8.23133	-7.40751	-7.23365	-7.96232	-8.39955	-9.3276	-9.80596	-10.2176	-10.6352	-11.054	-11.4582	-11.8353	-12.1782	-12.4839	-12.7524	-12.9854	-13.1856	-13.3561	-13.5002	-13.6211	-13.7217	-13.8045	-13.8719	-13.9258	-13.9677	-3.69119	-3.68185	-3.67008	-3.65585	-3.63931	-3.62041	-3.59923	-3.57575	-3.54988	-3.52115	-3.48898	-3.45281	-3.41167	-3.36603	-3.31986	-3.27089	-3.32153	-3.36857	-3.41433	-3.45499	-3.49047	-3.52143	-3.54893	-3.57375	-3.59651	-3.61775	-3.63806	-3.65821	-3.67927	-3.70284	-3.73098	-3.76727	-3.81723	-3.89042	-4.00702	-4.22446	-4.7705	
-14.1316	-14.022	-14.0511	-14.0873	-14.1186	-14.1462	-14.1711	-14.1941	-14.2155	-14.2356	-14.2549	-14.2741	-14.2942	-14.3167	-14.344	-14.3801	-14.4317	-14.5121	-14.6485	-14.9049	-15.4504	-16.7565	-23.0795	-16.7181	-15.3815	-14.8066	-14.5203	-14.3535	-14.2416	-14.157	-14.0862	-14.022	-13.9599	-13.8969	-13.8308	-13.7599	-13.6823	-13.5966	-13.5009	-13.3934	-13.2723	-13.1354	-12.9801	-12.8041	-12.6046	-12.3787	-12.1238	-11.8375	-11.5179	-11.1647	-10.7794	-10.3664	-9.93451	-9.49741	-9.07186	-8.66451	-8.21323	-7.39125	-7.22083	-7.96736	-8.40672	-9.33453	-9.81208	-10.2227	-10.6392	-11.0568	-11.4596	-11.8353	-12.1767	-12.4809	-12.7478	-12.9792	-13.1778	-13.3467	-13.4892	-13.6085	-13.7075	-13.7887	-13.8546	-13.907	-13.9478	-13.9781	-3.65915	-3.64572	-3.63005	-3.61211	-3.59178	-3.56906	-3.5438	-3.51573	-3.48417	-3.44831	-3.40767	-3.36237	-3.31657	-3.26796	-3.31986	-3.36808	-3.41499	-3.45672	-3.49309	-3.52507	-3.55339	-3.57889	-3.60213	-3.62357	-3.64365	-3.66291	-3.68209	-3.70225	-3.72501	-3.75246	-3.78824	-3.83791	-3.91118	-4.02849	-4.24779	-4.79798	
-14.1004	-13.9965	-14.0287	-14.0664	-14.0986	-14.1264	-14.1513	-14.174	-14.1947	-14.2137	-14.2314	-14.2483	-14.2651	-14.2828	-14.303	-14.3281	-14.3619	-14.4113	-14.4893	-14.6231	-14.8766	-15.4183	-16.7181	-23.0199	-16.6745	-15.3396	-14.764	-14.4759	-14.3065	-14.1914	-14.1031	-14.028	-13.9589	-13.8911	-13.8216	-13.7481	-13.6687	-13.5816	-13.4847	-13.3764	-13.2545	-13.1168	-12.961	-12.7844	-12.5844	-12.3581	-12.1028	-11.8161	-11.4963	-11.1429	-10.7574	-10.3444	-9.91258	-9.47568	-9.05043	-8.64352	-8.193	-7.37307	-7.20636	-7.97218	-8.41379	-9.34125	-9.81788	-10.2274	-10.6427	-11.0589	-11.4603	-11.8344	-12.1741	-12.4766	-12.7418	-12.9715	-13.1683	-13.3355	-13.4763	-13.5939	-13.6911	-13.7707	-13.8349	-13.8857	-13.9249	-13.954	-13.9739	-3.61952	-3.60212	-3.5826	-3.56065	-3.53609	-3.5086	-3.47765	-3.44234	-3.40196	-3.35711	-3.31165	-3.26337	-3.31657	-3.36603	-3.41411	-3.45694	-3.49435	-3.52718	-3.55649	-3.58278	-3.60668	-3.62858	-3.64884	-3.66783	-3.68609	-3.70433	-3.72363	-3.74563	-3.77245	-3.80778	-3.85725	-3.93073	-4.0489	-4.27033	-4.82508	
-14.0664	-13.9689	-14.0042	-14.0437	-14.0769	-14.1052	-14.1302	-14.1527	-14.1729	-14.1912	-14.2077	-14.223	-14.2375	-14.2519	-14.2674	-14.2853	-14.3081	-14.3397	-14.3867	-14.4623	-14.5935	-14.844	-15.3815	-16.6745	-22.953	-16.6254	-15.2922	-14.7158	-14.4256	-14.2532	-14.1346	-14.042	-13.962	-13.8872	-13.8129	-13.7361	-13.6542	-13.5652	-13.4669	-13.3574	-13.2346	-13.0961	-12.9396	-12.7624	-12.5618	-12.335	-12.0793	-11.7922	-11.4721	-11.1185	-10.7329	-10.3199	-9.88821	-9.45154	-9.02663	-8.62021	-8.17054	-7.35287	-7.19015	-7.97668	-8.42068	-9.34767	-9.82326	-10.2316	-10.6455	-11.0602	-11.4599	-11.8323	-12.1702	-12.4709	-12.7342	-12.962	-13.1569	-13.3222	-13.4612	-13.5769	-13.6723	-13.7501	-13.8126	-13.8617	-13.8993	-13.9267	-13.9454	-13.956	-3.57213	-3.55065	-3.52672	-3.49983	-3.46939	-3.43463	-3.39474	-3.3501	-3.30506	-3.25708	-3.31165	-3.36237	-3.41167	-3.45564	-3.4941	-3.52793	-3.55807	-3.58533	-3.61	-3.63254	-3.65323	-3.67238	-3.69034	-3.70762	-3.72495	-3.74344	-3.76472	-3.79097	-3.82591	-3.87529	-3.94909	-4.0683	-4.29211	-4.85184	
-14.0294	-13.9386	-13.9775	-14.019	-14.0532	-14.0822	-14.1074	-14.1299	-14.1498	-14.1676	-14.1833	-14.1974	-14.2102	-14.2223	-14.2344	-14.2475	-14.2632	-14.2838	-14.3131	-14.3578	-14.4309	-14.5594	-14.8066	-15.3396	-16.6254	-22.8782	-16.57	-15.2388	-14.6614	-14.3687	-14.193	-14.0702	-13.9728	-13.8872	-13.8059	-13.7243	-13.6391	-13.5476	-13.4475	-13.3366	-13.2125	-13.0731	-12.9158	-12.7379	-12.5367	-12.3094	-12.0532	-11.7657	-11.4453	-11.0914	-10.7057	-10.2928	-9.86123	-9.42483	-9.00032	-8.59444	-8.1457	-7.33051	-7.17209	-7.98083	-8.42733	-9.35373	-9.82813	-10.2351	-10.6475	-11.0606	-11.4585	-11.8289	-12.1649	-12.4636	-12.7249	-12.9506	-13.1435	-13.3068	-13.4438	-13.5575	-13.651	-13.7269	-13.7875	-13.8348	-13.8706	-13.8964	-13.9134	-13.9225	-13.9244	-3.51615	-3.48955	-3.45955	-3.42519	-3.38576	-3.34153	-3.2967	-3.24911	-3.30506	-3.35711	-3.40767	-3.45281	-3.49237	-3.52722	-3.55832	-3.58638	-3.612	-3.63528	-3.65659	-3.67615	-3.69423	-3.71119	-3.72753	-3.744	-3.7617	-3.78232	-3.80807	-3.84271	-3.89208	-3.96633	-4.08677	-4.31323	-4.87838	
-13.9891	-13.9057	-13.9483	-13.9919	-14.0274	-14.057	-14.0827	-14.1052	-14.125	-14.1424	-14.1576	-14.1708	-14.1824	-14.1928	-14.2025	-14.2123	-14.2232	-14.2366	-14.2549	-14.2819	-14.3243	-14.3948	-14.5203	-14.764	-15.2922	-16.57	-22.7947	-16.5077	-15.1786	-14.6	-14.3046	-14.125	-13.9976	-13.8946	-13.8027	-13.7141	-13.6242	-13.5293	-13.4267	-13.3139	-13.1884	-13.0478	-12.8894	-12.7107	-12.5088	-12.2809	-12.0242	-11.7363	-11.4156	-11.0615	-10.6758	-10.2628	-9.83145	-9.39537	-8.97131	-8.56604	-8.11832	-7.30583	-7.15202	-7.98453	-8.43365	-9.35928	-9.83235	-10.2378	-10.6486	-11.0598	-11.4557	-11.8241	-12.1579	-12.4544	-12.7135	-12.937	-13.1278	-13.2889	-13.4238	-13.5354	-13.6269	-13.7008	-13.7594	-13.8049	-13.8388	-13.8627	-13.8779	-13.8851	-13.8851	-13.878	-3.44845	-3.41418	-3.37496	-3.33108	-3.28662	-3.23917	-3.2967	-3.3501	-3.40196	-3.44831	-3.48898	-3.52488	-3.55697	-3.58597	-3.61236	-3.63657	-3.6586	-3.67875	-3.69722	-3.71427	-3.73024	-3.74567	-3.7613	-3.77828	-3.79829	-3.82359	-3.85802	-3.90749	-3.98233	-4.10416	-4.33354	-4.90456	
-13.9452	-13.8696	-13.9163	-13.9622	-13.999	-14.0295	-14.0556	-14.0783	-14.0981	-14.1152	-14.13	-14.1425	-14.1532	-14.1624	-14.1704	-14.1778	-14.1853	-14.194	-14.2051	-14.2212	-14.2458	-14.2857	-14.3535	-14.4759	-14.7158	-15.2388	-16.5077	-22.701	-16.4377	-15.1109	-14.5309	-14.2323	-14.0484	-13.9156	-13.8064	-13.7072	-13.6103	-13.5107	-13.4047	-13.2894	-13.1621	-13.02	-12.8605	-12.6808	-12.4781	-12.2495	-11.9922	-11.7039	-11.3828	-11.0285	-10.6427	-10.2298	-9.79868	-9.36296	-8.9394	-8.53481	-8.0882	-7.27868	-7.12978	-7.98764	-8.43947	-9.36416	-9.83573	-10.2395	-10.6484	-11.0576	-11.4514	-11.8175	-12.149	-12.4431	-12.6998	-12.921	-13.1094	-13.2683	-13.4009	-13.5103	-13.5997	-13.6715	-13.7281	-13.7715	-13.8035	-13.8254	-13.8385	-13.8435	-13.8409	-13.8307	-13.8126	-3.3631	-3.31908	-3.27484	-3.22767	-3.28662	-3.34153	-3.39474	-3.44234	-3.48417	-3.52115	-3.55425	-3.58422	-3.61153	-3.63649	-3.65942	-3.68028	-3.69932	-3.71674	-3.73278	-3.74781	-3.76236	-3.77721	-3.79351	-3.81298	-3.83792	-3.87222	-3.9219	-3.99746	-4.12088	-4.35346	-4.93082	
-13.8973	-13.8301	-13.8812	-13.9295	-13.9678	-13.9991	-14.0258	-14.0487	-14.0686	-14.0856	-14.1	-14.1122	-14.1222	-14.1304	-14.1371	-14.1428	-14.1479	-14.1531	-14.1595	-14.1684	-14.1821	-14.2043	-14.2416	-14.3065	-14.4256	-14.6614	-15.1786	-16.4377	-22.5963	-16.3592	-15.0348	-14.4532	-14.1509	-13.962	-13.8232	-13.7069	-13.5994	-13.4929	-13.3822	-13.2635	-13.1337	-12.9897	-12.8287	-12.6479	-12.4442	-12.2148	-11.957	-11.6681	-11.3467	-10.9922	-10.6063	-10.1935	-9.76262	-9.32733	-8.90435	-8.50049	-8.05511	-7.24881	-7.10516	-7.99003	-8.44466	-9.36818	-9.83805	-10.24	-10.6468	-11.0538	-11.4452	-11.8088	-12.1378	-12.4293	-12.6835	-12.9021	-13.0881	-13.2445	-13.3747	-13.4819	-13.569	-13.6386	-13.6931	-13.7344	-13.7642	-13.784	-13.7946	-13.7968	-13.7908	-13.7764	-13.7533	-13.7224	-3.26163	-3.21433	-3.27484	-3.33108	-3.38576	-3.43463	-3.47765	-3.51573	-3.54988	-3.58082	-3.60907	-3.63493	-3.65861	-3.68034	-3.70006	-3.71802	-3.7344	-3.74946	-3.76358	-3.7773	-3.79141	-3.80709	-3.82608	-3.85074	-3.88501	-3.935	-4.01142	-4.13661	-4.37269	-4.95685	
-13.845	-13.7867	-13.8425	-13.8934	-13.9333	-13.9656	-13.9929	-14.0162	-14.0361	-14.0531	-14.0673	-14.0791	-14.0886	-14.096	-14.1018	-14.1062	-14.1095	-14.1124	-14.1154	-14.1195	-14.1261	-14.1373	-14.157	-14.1914	-14.2532	-14.3687	-14.6	-15.1109	-16.3592	-22.4791	-16.2711	-14.9493	-14.3658	-14.0593	-13.8647	-13.719	-13.5945	-13.4775	-13.3599	-13.2365	-13.1033	-12.9569	-12.7941	-12.6118	-12.407	-12.1767	-11.9181	-11.6287	-11.3069	-10.9522	-10.5662	-10.1536	-9.723	-9.28819	-8.86584	-8.46281	-8.01875	-7.21597	-7.07792	-7.99153	-8.44904	-9.37115	-9.83911	-10.239	-10.6435	-11.048	-11.4368	-11.7978	-12.124	-12.4128	-12.6642	-12.8801	-13.0634	-13.2173	-13.345	-13.4497	-13.5345	-13.6018	-13.654	-13.6931	-13.7206	-13.7378	-13.7454	-13.744	-13.7335	-13.7139	-13.686	-13.6549	-13.6182	-3.26163	-3.31908	-3.37496	-3.42519	-3.46939	-3.5086	-3.5438	-3.57575	-3.60495	-3.63173	-3.65627	-3.67873	-3.6993	-3.71791	-3.73481	-3.75018	-3.76429	-3.77753	-3.79047	-3.80389	-3.81901	-3.83759	-3.86204	-3.89636	-3.94679	-4.02421	-4.15137	-4.39125	-4.98269	
-13.7877	-13.7391	-13.7998	-13.8535	-13.8951	-13.9285	-13.9564	-13.9801	-14.0002	-14.0172	-14.0313	-14.0428	-14.0519	-14.0588	-14.0638	-14.0671	-14.0691	-14.0702	-14.0708	-14.0715	-14.0733	-14.0775	-14.0862	-14.1031	-14.1346	-14.193	-14.3046	-14.5309	-15.0348	-16.2711	-22.3479	-16.1722	-14.8533	-14.2675	-13.9562	-13.7551	-13.6014	-13.4675	-13.3395	-13.2093	-13.0715	-12.9217	-12.7565	-12.5724	-12.3662	-12.1348	-11.8753	-11.5853	-11.2631	-10.9081	-10.5221	-10.1096	-9.67942	-9.24516	-8.82353	-8.4214	-7.97881	-7.17986	-7.04778	-7.99197	-8.45243	-9.37284	-9.83865	-10.2362	-10.6383	-11.0401	-11.426	-11.7841	-12.1073	-12.3931	-12.6415	-12.8546	-13.0351	-13.1862	-13.3112	-13.4134	-13.4957	-13.5606	-13.6104	-13.647	-13.6718	-13.6859	-13.6898	-13.6838	-13.6678	-13.6431	-13.6147	-13.5806	-13.6549	-13.7224	-3.3631	-3.41418	-3.45955	-3.49983	-3.53609	-3.56906	-3.59923	-3.62693	-3.65236	-3.67566	-3.69693	-3.71637	-3.7339	-3.74976	-3.76415	-3.77735	-3.78977	-3.80196	-3.81476	-3.82939	-3.84764	-3.87196	-3.90644	-3.95741	-4.03597	-4.16532	-4.40931	-5.00854	
-13.7249	-13.6867	-13.7527	-13.8094	-13.8528	-13.8873	-13.9159	-13.94	-13.9603	-13.9774	-13.9914	-14.0027	-14.0114	-14.0179	-14.0223	-14.0248	-14.0258	-14.0255	-14.0243	-14.0226	-14.021	-14.0203	-14.022	-14.028	-14.042	-14.0702	-14.125	-14.2323	-14.4532	-14.9493	-16.1722	-22.2009	-16.0612	-14.7453	-14.1568	-13.84	-13.6315	-13.4686	-13.3239	-13.1834	-13.0388	-12.8845	-12.7159	-12.5294	-12.3214	-12.0887	-11.8283	-11.5375	-11.2148	-10.8596	-10.4736	-10.0613	-9.63149	-9.19785	-8.77701	-8.37589	-7.93488	-7.14012	-7.0144	-7.99111	-8.45459	-9.37296	-9.83635	-10.2313	-10.6306	-11.0295	-11.4124	-11.7672	-12.0872	-12.3698	-12.6151	-12.825	-13.0025	-13.1507	-13.273	-13.3725	-13.4522	-13.5145	-13.5616	-13.5953	-13.6169	-13.6271	-13.6262	-13.6145	-13.5933	-13.568	-13.5363	-13.6147	-13.686	-13.7533	-13.8126	-3.44845	-3.48955	-3.52672	-3.56065	-3.59178	-3.62041	-3.64674	-3.6709	-3.69299	-3.71311	-3.73142	-3.74789	-3.76274	-3.77619	-3.78852	-3.80016	-3.81167	-3.82391	-3.8381	-3.8561	-3.88038	-3.91511	-3.96674	-4.04661	-4.17835	-4.42678	-5.03434	
-13.656	-13.6287	-13.7004	-13.7603	-13.8056	-13.8414	-13.8707	-13.8953	-13.9159	-13.933	-13.947	-13.9581	-13.9666	-13.9727	-13.9766	-13.9785	-13.9787	-13.9773	-13.9747	-13.9712	-13.9671	-13.9631	-13.9599	-13.9589	-13.962	-13.9728	-13.9976	-14.0484	-14.1509	-14.3658	-14.8533	-16.0612	-22.036	-15.9364	-14.6237	-14.0322	-13.709	-13.4918	-13.3185	-13.1615	-13.0067	-12.8457	-12.6726	-12.4829	-12.2726	-12.0382	-11.7765	-11.4849	-11.1616	-10.8061	-10.42	-10.008	-9.57869	-9.14576	-8.72581	-8.32579	-7.88652	-7.09633	-6.97739	-7.98868	-8.4552	-9.37115	-9.83182	-10.224	-10.6202	-11.0158	-11.3953	-11.7466	-12.0632	-12.3423	-12.5842	-12.7909	-12.9652	-13.1103	-13.2297	-13.3263	-13.4032	-13.4626	-13.5067	-13.537	-13.5545	-13.5596	-13.5529	-13.5358	-13.5139	-13.4852	-13.568	-13.6431	-13.7139	-13.7764	-13.8307	-13.878	-3.51615	-3.55065	-3.5826	-3.61211	-3.63931	-3.66433	-3.68724	-3.70815	-3.72713	-3.74435	-3.75978	-3.77365	-3.7862	-3.79771	-3.80861	-3.8195	-3.83123	-3.84507	-3.86289	-3.88722	-3.92229	-3.97471	-4.05605	-4.19039	-4.44361	-5.06005	
-13.5802	-13.5647	-13.6423	-13.7056	-13.7529	-13.79	-13.8202	-13.8452	-13.8661	-13.8833	-13.8973	-13.9083	-13.9166	-13.9223	-13.9258	-13.9272	-13.9267	-13.9245	-13.9209	-13.9159	-13.91	-13.9035	-13.8969	-13.8911	-13.8872	-13.8872	-13.8946	-13.9156	-13.962	-14.0593	-14.2675	-14.7453	-15.9364	-21.8508	-15.796	-14.4868	-13.8916	-13.561	-13.334	-13.1487	-12.9776	-12.8065	-12.6269	-12.4328	-12.2194	-11.9828	-11.7195	-11.4269	-11.1029	-10.7471	-10.361	-9.94921	-9.52046	-9.08832	-8.66936	-8.27056	-7.8332	-7.04801	-6.93629	-7.98434	-8.45395	-9.36703	-9.82463	-10.2136	-10.6065	-10.9985	-11.3743	-11.7219	-12.0346	-12.31	-12.5483	-12.7515	-12.9224	-13.0644	-13.1806	-13.2742	-13.3479	-13.4041	-13.4445	-13.4705	-13.4827	-13.4818	-13.4695	-13.4516	-13.4262	-13.5139	-13.5933	-13.6678	-13.7335	-13.7908	-13.8409	-13.8851	-13.9244	-3.57213	-3.60212	-3.63005	-3.65585	-3.67957	-3.70126	-3.72099	-3.73884	-3.75499	-3.76941	-3.78234	-3.79403	-3.80476	-3.81498	-3.82531	-3.8366	-3.85016	-3.86786	-3.89233	-3.92786	-3.98119	-4.06415	-4.20134	-4.45969	-5.08561	
-13.4966	-13.4936	-13.5777	-13.6445	-13.694	-13.7324	-13.7635	-13.7891	-13.8103	-13.8276	-13.8416	-13.8525	-13.8606	-13.8661	-13.8692	-13.8701	-13.8691	-13.8662	-13.8617	-13.8556	-13.8483	-13.8399	-13.8308	-13.8216	-13.8129	-13.8059	-13.8027	-13.8064	-13.8232	-13.8647	-13.9562	-14.1568	-14.6237	-15.796	-21.6424	-15.6379	-14.3325	-13.7329	-13.3939	-13.1556	-12.9566	-12.7695	-12.5801	-12.3795	-12.1619	-11.9223	-11.657	-11.363	-11.0382	-10.6819	-10.2958	-9.88432	-9.45619	-9.02494	-8.6071	-8.20964	-7.77437	-6.99465	-6.89063	-7.97771	-8.45039	-9.3601	-9.81424	-10.1997	-10.5889	-10.977	-11.3487	-11.6922	-12.0009	-12.2723	-12.5067	-12.7062	-12.8735	-13.012	-13.1249	-13.2151	-13.2853	-13.3375	-13.3734	-13.3939	-13.3999	-13.3932	-13.3799	-13.3583	-13.4516	-13.5358	-13.6145	-13.6838	-13.744	-13.7968	-13.8435	-13.8851	-13.9225	-13.956	-3.61952	-3.64572	-3.67008	-3.69248	-3.71294	-3.7315	-3.74824	-3.76334	-3.77679	-3.78882	-3.79969	-3.8097	-3.81931	-3.82912	-3.84005	-3.85339	-3.87107	-3.89576	-3.93185	-3.98622	-4.07097	-4.21125	-4.47512	-5.11109	
-13.4043	-13.4148	-13.5056	-13.5762	-13.628	-13.6678	-13.6998	-13.726	-13.7475	-13.765	-13.779	-13.7898	-13.7977	-13.803	-13.8058	-13.8063	-13.8048	-13.8013	-13.796	-13.7891	-13.7806	-13.7708	-13.7599	-13.7481	-13.7361	-13.7244	-13.7141	-13.7072	-13.7069	-13.719	-13.7551	-13.84	-14.0322	-14.4868	-15.6379	-21.4079	-15.4597	-14.1584	-13.5538	-13.205	-12.9539	-12.7394	-12.5343	-12.3241	-12.1003	-11.8566	-11.5886	-11.2928	-10.9668	-10.61	-10.2238	-9.81267	-9.38523	-8.95498	-8.53837	-8.1424	-7.70941	-6.93568	-6.83984	-7.96831	-8.44403	-9.34977	-9.80003	-10.1816	-10.5666	-10.9504	-11.3178	-11.6568	-11.9611	-12.2283	-12.4586	-12.6541	-12.8176	-12.9524	-13.0615	-13.1479	-13.2139	-13.2613	-13.2914	-13.3053	-13.3052	-13.2974	-13.2802	-13.3799	-13.4695	-13.5529	-13.6262	-13.6898	-13.7454	-13.7946	-13.8385	-13.8779	-13.9134	-13.9454	-13.9739	-3.65915	-3.68185	-3.70286	-3.72206	-3.73946	-3.75511	-3.76919	-3.7817	-3.79288	-3.80298	-3.81232	-3.82136	-3.83074	-3.84135	-3.85455	-3.87229	-3.8973	-3.93405	-3.98959	-4.0763	-4.21991	-4.48968	-5.13632	
-13.3023	-13.3271	-13.425	-13.4996	-13.5538	-13.5952	-13.6281	-13.6548	-13.6767	-13.6944	-13.7084	-13.7192	-13.7269	-13.7319	-13.7345	-13.7346	-13.7326	-13.7286	-13.7227	-13.715	-13.7057	-13.6947	-13.6823	-13.6687	-13.6542	-13.6391	-13.6242	-13.6103	-13.5994	-13.5945	-13.6014	-13.6315	-13.709	-13.8916	-14.3325	-15.4597	-21.1438	-15.2588	-13.9619	-13.3514	-12.9916	-12.7259	-12.4939	-12.2684	-12.0353	-11.7857	-11.5139	-11.2156	-10.8881	-10.5306	-10.1442	-9.73341	-9.30675	-8.8776	-8.46236	-8.06803	-7.63754	-6.87038	-6.78326	-7.95558	-8.43425	-9.33534	-9.78123	-10.1584	-10.5389	-10.9181	-11.2806	-11.6148	-11.9144	-12.1769	-12.4028	-12.5941	-12.7535	-12.8841	-12.9891	-13.0709	-13.1317	-13.173	-13.1962	-13.2037	-13.2023	-13.1904	-13.2974	-13.3932	-13.4818	-13.5596	-13.6271	-13.6859	-13.7378	-13.784	-13.8254	-13.8627	-13.8964	-13.9267	-13.954	-13.9781	-3.69119	-3.7106	-3.72847	-3.74468	-3.75925	-3.77235	-3.78395	-3.79432	-3.8037	-3.81243	-3.82096	-3.82996	-3.84033	-3.85346	-3.87133	-3.89675	-3.93427	-3.99111	-4.07997	-4.22716	-4.50322	-5.16116	
-13.1892	-13.2292	-13.3347	-13.4135	-13.4703	-13.5132	-13.5471	-13.5745	-13.5967	-13.6146	-13.6286	-13.6393	-13.6469	-13.6517	-13.6539	-13.6538	-13.6514	-13.6469	-13.6404	-13.6321	-13.6219	-13.61	-13.5966	-13.5816	-13.5652	-13.5476	-13.5293	-13.5107	-13.4929	-13.4775	-13.4675	-13.4686	-13.4918	-13.561	-13.7329	-14.1584	-15.2588	-20.846	-15.0319	-13.7398	-13.1227	-12.7503	-12.4682	-12.2166	-11.9686	-11.7101	-11.4327	-11.1309	-10.8014	-10.4428	-10.0561	-9.64565	-9.21981	-8.7919	-8.37818	-7.98566	-7.55792	-6.79798	-6.72012	-7.93881	-8.4203	-9.31595	-9.75693	-10.1293	-10.5048	-10.8788	-11.236	-11.5651	-11.8596	-12.1172	-12.3383	-12.5249	-12.6798	-12.8058	-12.9058	-12.982	-13.0362	-13.0702	-13.0867	-13.0928	-13.087	-13.2023	-13.3052	-13.3999	-13.4827	-13.5545	-13.6169	-13.6718	-13.7206	-13.7642	-13.8035	-13.8388	-13.8706	-13.8993	-13.9249	-13.9478	-13.9677	-3.71567	-3.732	-3.74696	-3.76045	-3.77258	-3.78332	-3.79292	-3.80163	-3.80979	-3.81788	-3.82655	-3.83675	-3.84988	-3.86796	-3.89388	-3.93228	-3.99057	-4.08174	-4.23277	-4.51554	-5.18539	
